Date,Open,High,Low,Close,Volume,Dividends,Stock Splits,daily_return,cum_return,middle_band,upper_band,lower_band,Conversion,Baseline,SpanA,SpanB,Lagging
2017-02-06,26.120396038119868,26.46354801073364,26.120396038119868,26.373674392700195,680600,0.0,0,,,,,,,,,,27.460325241088867
2017-02-07,26.414527962077063,26.545252372965763,26.08771537649741,26.202098846435547,1008700,0.0,0,-0.006505560951042044,0.993494439048958,,,,,,,,27.394960403442383
2017-02-08,25.96516261081661,26.24295082775454,25.899800402415096,26.136737823486328,981100,0.0,0,-0.0024944957017483116,0.9910161714410395,,,,,,,,27.852495193481445
2017-02-09,26.21844012673434,26.561590540990185,26.120396038119868,26.373674392700195,1206900,0.0,0,0.009065269384955776,1.0,,,,,,,,27.656402587890625
2017-02-10,26.373674986700472,26.96193641492056,26.25929151270566,26.92925453186035,1242800,0.0,0,0.021065708588331233,1.0210657085883312,,,,,,,,27.778961181640625
2017-02-13,26.95376947319233,27.158026582178675,26.88840570229296,27.092662811279297,1161600,0.0,0,0.0060680580379830484,1.0272615945686394,,,,,,,,27.501171112060547
2017-02-14,27.027301296572176,27.09266194867439,26.708657598657247,26.888404846191406,2983900,0.0,0,-0.007539235493782992,1.0195168274934674,,,,,,,,27.63190650939941
2017-02-15,26.58610090174856,26.896569403208765,26.39001274376506,26.8557186126709,825800,0.0,0,-0.0012156256091605533,1.0182774767289962,,,,,,,,27.34593772888184
2017-02-16,26.84755464493386,27.23155900347419,26.84755464493386,27.08449363708496,458600,0.0,0,0.008518670742480916,1.0269518472777348,,,,26.565679702944642,,,,26.88023376464844
2017-02-17,27.08448925558077,27.19070069001179,26.92925188466288,27.158021926879883,453900,0.0,0,0.0027147743937971924,1.0297397898563871,,,,26.565679702944642,,,,26.888404846191406
2017-02-21,27.0681507757458,27.51751575598505,27.0681507757458,27.44398307800293,563400,0.0,0,0.01052952795652673,1.0405824637616279,,,,26.70865807920007,,,,26.941957473754883
2017-02-22,27.501172800415706,27.7544526986299,27.29691572283784,27.746280670166016,634800,0.0,0,0.0110150771957509,1.0520445599285069,,,,26.937424368374884,,,,27.00786590576172
2017-02-23,27.885176324481463,27.885176324481463,27.46849015250432,27.599214553833008,662200,0.0,0,-0.00530039027865592,1.046468313170349,,,,27.07223391859356,,,,27.27151870727539
2017-02-24,27.57470411412856,27.778961181640625,27.419469864836977,27.778961181640625,804100,0.0,0,0.006512744319481234,1.0532836937324663,,,,27.13759453412326,,,,27.114978790283203
2017-02-27,27.77079375507557,27.98321974529076,27.64006934954721,27.8034725189209,843100,0.0,0,0.0008823705508640423,1.0542130802455212,,,,27.18661624452791,,,,27.09026336669922
2017-02-28,27.680919996510784,27.91785583754451,27.59921529553738,27.852495193481445,975900,0.0,0,0.0017631853189268298,1.0560718532716307,,,,27.18661624452791,,,,27.29623794555664
2017-03-01,27.80347607225024,27.958713466396777,27.656410707646195,27.795307159423828,931600,0.0,0,-0.002053246348679094,1.0539034775949578,,,,27.41538719511231,,,,27.57636833190918
2017-03-02,27.827983760075583,27.84432469934161,27.47666135764484,27.66457748413086,809500,0.0,0,-0.004703300256519993,1.0489466530984382,,,,27.45623581497682,,,,28.01304054260254
2017-03-03,27.566538083480108,27.721772348993643,27.27240737685166,27.68092155456543,702800,0.0,0,0.000590794146194451,1.049566364640759,,,,27.52568526051828,,,,28.07895851135254
2017-03-06,27.5338584576881,27.64007302527854,27.370452149868058,27.49300765991211,394700,0.0,0,-0.006788570759210466,1.0424413091079079,27.197648143768312,28.32960091379094,26.065695373745683,27.62781356107121,,,,28.32612609863281
2017-03-07,27.452152140328057,27.5011749648226,27.305086783560352,27.394960403442383,357200,0.0,0,-0.0035662615630334127,1.0387236907355182,27.24871244430542,28.31706222371872,26.180362664892115,27.62781356107121,,,,28.301408767700195
2017-03-08,27.321424932915868,27.354106812572265,27.125339888408654,27.19070053100586,844800,0.0,0,-0.007456111249237507,1.0309788513401756,27.298142528533937,28.252444900242036,26.343840156825838,27.554279816849707,,,,28.07071685791016
2017-03-09,27.14984845631769,27.36227754732637,26.82303902534998,26.92108154296875,735200,0.0,0,-0.009915852948682247,1.0207558166570851,27.337359714508057,28.150067860666304,26.52465156834981,27.40312938532037,,,,28.350849151611328
2017-03-10,27.11716965023092,27.256066089581832,26.504398391442532,26.774019241333008,896100,0.0,0,-0.005462718925352883,1.0151797145392685,27.357376956939696,28.088997306999268,26.625756606880124,27.231555928919654,,,,28.202543258666992
2017-03-13,26.798526947985472,26.95376431581002,26.48805532905192,26.65963363647461,979100,0.0,0,-0.004272261248016607,1.0108426015850698,27.34389591217041,28.115847620571326,26.571944203769494,27.22338439772435,,,,28.00480461120605
2017-03-14,26.635119147775256,26.82303838406533,26.447203028200544,26.724992752075195,490100,0.0,0,0.002451613420192178,1.0133207968728177,27.325512409210205,28.137440917026964,26.513583901393446,27.145763863771077,26.94151007385293,,,27.790586471557617
2017-03-15,26.847553936215,27.59921857416992,26.782190167671427,27.460325241088867,779600,0.0,0,0.027514787219411918,1.0412021029837781,27.35410842895508,28.142121706181094,26.566095151729066,27.084487688597093,26.94151007385293,,,27.6670036315918
2017-03-16,27.394960403442383,27.493006052431458,27.215216280394223,27.394960403442383,740700,0.0,0,-0.0023803373438811004,1.0387236907355184,27.38107051849365,28.13482138937441,26.627319647612893,27.043638026739544,26.94151007385293,,,27.30447578430176
2017-03-17,27.517513711279637,27.934196777739192,27.362279454503653,27.852495193481445,2633300,0.0,0,0.016701421841864406,1.0560718532716307,27.419470596313477,28.187147759202233,26.65179343342472,27.190699902969868,27.051807891705316,,,27.53517723083496
2017-03-20,27.94236432031564,27.98321510588631,27.61555180231996,27.656402587890625,655100,0.0,0,-0.007040396353311773,1.0486366888470218,27.444389629364014,28.208815376016577,26.67996388271145,27.215209067043425,27.12125562899821,,,27.06553840637207
2017-03-21,27.68091866191517,27.86883479002041,27.58287302547422,27.778961181640625,786600,0.0,0,0.004431472725366703,1.053283693732466,27.4611385345459,28.23949899836949,26.682778070722307,27.215209067043425,27.18661624452791,,,26.999635696411133
2017-03-22,27.87700336371893,27.893344302927837,27.38678765431369,27.501171112060547,1003400,0.0,0,-0.010000016478790119,1.0427508394383005,27.448883056640625,28.21642618444585,26.6813399288354,27.215209067043425,27.18661624452791,,,26.974910736083984
2017-03-23,27.468500168973065,27.958719190252115,27.468500168973065,27.63190650939941,966900,0.0,0,0.004753812003356117,1.047707880895332,27.450517654418945,28.219487819237873,26.681547489600018,27.215209067043425,27.18661624452791,,,27.6670036315918
2017-03-24,27.623727470781446,27.74627984364813,27.337765700661382,27.34593772888184,1730100,0.0,0,-0.010349223656366036,1.036864917709409,27.428866481781007,28.183730451231835,26.67400251233018,27.215209067043425,27.21521138674565,,,27.63404655456543
2017-03-27,27.207043232223366,27.41130031822612,26.798529060217863,26.88023376464844,873600,0.0,0,-0.017030096713104736,1.0192070078823923,27.382704544067384,28.153216072942868,26.6121930151919,27.382702636778866,27.21521138674565,,,27.131458282470703
2017-03-28,26.92108673060053,26.96193752775392,26.58610520719708,26.888404846191406,1121800,0.0,0,0.00030398104475226617,1.0195168274934672,27.33450002670288,28.10200838755003,26.56699166585573,27.284660156541694,27.21521138674565,,,26.9007625579834
2017-03-29,26.974914750204565,27.073783436574736,26.727738319810832,26.941957473754883,944300,0.275,0,0.001991662498010305,1.0215473609248764,27.291832542419435,28.04676899774582,26.53689608709305,27.284660156541694,27.21521138674565,,,27.37038993835449
2017-03-30,26.93371361341548,27.024344542169608,26.73597626247785,27.00786590576172,892400,0.0,0,0.0024463119307882586,1.0240463844217722,27.258996963500977,28.0031616896121,26.514832237389854,27.284660156541694,27.21521138674565,,,27.461021423339844
2017-03-31,26.99962905496947,27.419823296889028,26.958434034072045,27.27151870727539,1425400,0.0,0,0.009762074590922154,1.0340432016110617,27.238526821136475,27.956944904720622,26.520108737552327,27.272412198724595,27.21521138674565,,,26.941957473754883
2017-04-03,27.29624066998117,27.39510935755328,26.999631464285923,27.114978790283203,828400,0.0,0,-0.005740051321396544,1.028107740565273,27.219625377655028,27.930028216072053,26.509222539238003,27.272412198724595,27.21521138674565,,,27.16441535949707
2017-04-04,27.073784727688533,27.345674413917287,27.00787017164579,27.09026336669922,773900,0.0,0,-0.0009115044409638839,1.0271706157939584,27.20439052581787,27.91213439781045,26.49664665382529,27.272412198724595,27.215209067043425,,,26.82661247253418
2017-04-05,27.164411994291672,27.41982300694209,27.09849744716989,27.29623794555664,764000,0.0,0,0.007603269708725602,1.0349804710227177,27.20966739654541,27.918509095379775,26.500825697711043,27.166192525422602,27.215209067043425,,,26.75245475769043
2017-04-06,27.329191924552106,27.601084715453453,27.189128227163103,27.57636833190918,909900,0.0,0,0.010262600542656042,1.0456020621662738,27.242431735992433,27.95549917227457,26.529364299710295,27.093594961325266,27.215209067043425,,,26.81013298034668
2017-04-07,27.55988904477379,28.12015010706412,27.526931772173533,28.01304054260254,840100,0.0,0,0.01583501516362018,1.0621591866757893,27.304382801055908,28.058472121206535,26.55029348090528,27.3531276571306,27.283676567632334,,,26.75245475769043
2017-04-10,28.01304395811534,28.284936775750445,27.897696632929136,28.07895851135254,571800,0.0,0,0.0023531172437263326,1.0646585717735384,27.375349044799805,28.140556202164845,26.610141887434764,27.50633754778064,27.366069901975493,,,27.09849739074707
2017-04-11,28.136626510686146,28.35084247963248,28.070711970716037,28.32612609863281,585600,0.0,0,0.008802590992836867,1.0740303257278787,27.455405712127686,28.26588764931279,26.64492377494258,27.543409371055162,27.399022753916512,,,27.39510726928711
2017-04-12,28.367323312777952,28.474432877040048,28.210780982686035,28.301408767700195,445400,0.0,0,-0.0008725983513081514,1.0730931286363936,27.497459888458252,28.388771116262916,26.606148660653588,27.716433455556047,27.460817952620296,,,27.55164909362793
2017-04-13,28.26021647884927,28.334368777736643,28.004805449442934,28.07071685791016,2031800,0.0,0,-0.008151251822252736,1.0643460763161494,27.531247711181642,28.455444247401633,26.60705117496165,27.737032170662985,27.460817952620296,,,27.6670036315918
2017-04-17,28.087197215640582,28.350849151611325,28.037761299028947,28.350849151611328,377300,0.0,0,0.00997952047748396,1.074967739779876,27.556165409088134,28.539314744330177,26.57301607384609,27.741151524342918,27.460817952620296,,,27.922409057617188
2017-04-18,28.34261011118982,28.4167624112363,28.013043634765744,28.202543258666992,698900,0.0,0,-0.005231091744421601,1.069344484910794,27.583472442626952,28.60621943271056,26.560725452543345,27.786465162104967,27.460817952620296,,,28.21078491210937
2017-04-19,28.14486831436828,28.169584698931327,27.94712780892776,28.00480461120605,410200,0.0,0,-0.007011376443866402,1.0618469081789121,27.594764614105223,28.630941126001332,26.558588102209114,27.831780552101577,27.460817952620296,,,28.186071395874023
2017-04-20,28.037759755046483,28.062479283480545,27.6670014013026,27.790586471557617,626500,0.0,0,-0.007649335270231261,1.053724485172593,27.60923538208008,28.64788693657896,26.5705838275812,28.000682324606792,27.53026904211856,27.043636968812002,,27.774112701416016
2017-04-21,27.84002462968367,28.01304562777554,27.568131795842948,27.6670036315918,841000,0.0,0,-0.004446931700858414,1.0490386443555084,27.610990238189697,28.64991055186234,26.572069924517052,28.021282336441498,27.53026904211856,27.01299888122501,,27.650522232055664
2017-04-24,27.77410593369906,27.872977754714316,27.14793344882885,27.30447578430176,829200,0.0,0,-0.013103256576584399,1.035292821839766,27.608917140960692,28.650132575606,26.567701706315383,27.811183162934448,27.53026904211856,26.992574050296234,,27.790586471557617
2017-04-25,27.36215621569197,27.6010917944967,27.255049764210725,27.53517723083496,900400,0.0,0,0.008449217203643888,1.0440402357608636,27.64166431427002,28.62834261808326,26.65498601045678,27.811183162934448,27.53026904211856,27.121253897337592,,28.342609405517575
2017-04-26,27.461019377322742,27.461019377322742,27.02434338860007,27.06553840637207,866500,0.0,0,-0.017055957930678267,1.0262331294217908,27.650520992279052,28.612604954258234,26.68843703029987,27.720552899918182,27.53026904211856,27.168232348020815,,28.65569305419922
2017-04-27,27.06554711746435,27.213851743558354,26.95019977338666,26.999635696411133,1243000,0.0,0,-0.002434930684601544,1.023734322885407,27.653404903411865,28.607196349023322,26.699613457800407,27.68348109231148,27.53026904211856,27.200912655785668,,28.73808479309082
2017-04-28,26.999627118253777,27.205605350944477,26.752453867620623,26.974910736083984,1019800,0.0,0,-0.0009157516273612387,1.0227968365132392,27.651757144927977,28.610156552710954,26.693357737145,27.58460813942846,27.53026904211856,27.200912655785668,,28.49915313720703
2017-05-01,27.10674246759796,27.691720019039472,26.87604466049639,27.6670036315918,810900,0.0,0,0.025656911427032636,1.0490386443555084,27.671531391143798,28.61374283675306,26.729319945534534,27.461019283275974,27.53026904211856,27.200912655785668,,28.73808479309082
2017-05-02,27.699957969233,27.84826258095889,27.493979691055817,27.63404655456543,714100,0.0,0,-0.0011912051433259352,1.0477890241268044,27.69748477935791,28.604509777626326,26.790459781089496,27.407466575550586,27.53026904211856,27.215210226894538,,28.556825637817383
2017-05-03,27.716435821567003,27.716435821567003,27.114979643526983,27.131458282470703,469000,0.0,0,-0.018187284699775264,1.0287325868397106,27.699544525146486,28.601156969836648,26.797932080456324,27.38274974769808,27.53026904211856,27.29895701176226,,29.051170349121094
2017-05-04,27.08202129322864,27.08202129322864,26.694784293811946,26.9007625579834,1459600,0.0,0,-0.00850288702087032,1.019985389879125,27.679770755767823,28.63236932053428,26.727172191001365,27.28388102426313,27.584608585425997,27.24993577164367,,29.347780227661133
2017-05-05,26.95843345231293,27.37038993835449,26.95843345231293,27.37038993835449,432300,0.0,0,0.01745777203745913,1.0377920622971735,27.66947183609009,28.63082824996194,26.70811542221824,27.27152343738542,27.584608585425997,27.24993577164367,,29.314828872680664
2017-05-08,27.378628238678647,27.518695081113364,27.139692717629128,27.461021423339844,798000,0.0,0,0.003311296813435227,1.0412284998460666,27.64187088012695,28.593734662148552,26.69000709810535,27.27152343738542,27.584608585425997,27.24993577164367,,29.45489501953125
2017-05-09,27.477499072657267,27.485739963259125,26.694784186340023,26.941957473754883,684000,0.0,0,-0.01890184423889618,1.0215473609248766,27.58502082824707,28.56144099634952,26.60860066014462,27.27152338364946,27.584608531690037,27.243811792735123,,29.413698196411133
2017-05-10,26.884284785483317,27.403347764966668,26.826611121096278,27.16441535949707,588100,0.0,0,0.00825693106964831,1.0299822070684146,27.526935291290282,28.456705192329643,26.59716539025092,27.27152338364946,27.584608531690037,27.243811792735123,,29.15828514099121
2017-05-11,27.05730714170399,27.18089536760447,26.686545606981696,26.82661247253418,468700,0.0,0,-0.012435492628586564,1.01717387092484,27.45319547653198,28.35893984570537,26.547451107358594,27.267404093970292,27.58048924201087,27.24381063288401,,29.15828514099121
2017-05-12,26.80188752367468,26.925475724592307,26.653582939764924,26.75245475769043,587300,0.0,0,-0.0027643339210149387,1.0143620626898724,27.387282371520996,28.295569574634097,26.478995168407895,27.25092276036191,27.564007908402488,27.190700796233013,,29.314828872680664
2017-05-15,26.81013298034668,27.024349003052627,26.703023397504182,26.81013298034668,1285500,0.0,0,0.0021559973908438224,1.0165490246504028,27.310246562957765,28.13523885553862,26.48525427037691,27.185009380665964,27.564007908402488,27.154402014184345,,29.150049209594727
2017-05-16,26.900759341600185,26.900759341600185,26.54647651814672,26.75245475769043,784800,0.0,0,-0.0021513590663101434,1.0143620626898724,27.237742137908935,27.986928463762354,26.488555812055516,27.03258579963004,27.51045469759338,27.318402112381467,,29.207714080810547
2017-05-17,26.71125728465938,27.329192019235776,26.71125728465938,27.09849739074707,1046700,0.0,0,0.012934986198123166,1.0274828219706655,27.192426776885988,27.85419059677373,26.530662956998246,27.03258579963004,27.51045469759338,27.436203724878066,,29.28186798095703
2017-05-18,27.13969310763497,27.526933223660773,26.87604119888764,27.39510726928711,903900,0.0,0,0.01094562086831119,1.038729259388659,27.172652816772462,27.782827894103995,26.56247773944093,27.036704870903748,27.51045469759338,27.471216062485837,,29.48784446716309
2017-05-19,27.807063250512343,27.856499161096664,27.40334450485357,27.55164909362793,742500,0.0,0,0.00571422563898194,1.0446647927546184,27.166885089874267,27.760020499356873,26.57374968039166,27.20148783962169,27.48161946469151,27.588625704088173,,29.18299674987793
2017-05-22,27.609326822582094,27.76587232436157,27.510458129812324,27.6670036315918,441800,0.0,0,0.004186846949591372,1.0490386443555086,27.18501148223877,27.815269057991387,26.554753906486155,27.20148783962169,27.48161946469151,27.59892506164164,,29.270191192626957
2017-05-23,27.864735403206108,28.11190865682193,27.70819307594439,27.922409057617188,636100,0.0,0,0.00923140898907282,1.058722749126897,27.20437307357788,27.897812768929,26.51093337822676,27.329192587484325,27.48161946469151,27.600984738481607,,28.94635009765625
2017-05-24,27.88121842677296,28.301412709746906,27.88121842677296,28.21078491210937,472200,0.0,0,0.010327756960265333,1.0696569803681835,27.261635398864748,28.079249314044453,26.44402148368504,27.423944613946812,27.423944613946812,27.62364155736263,,29.08750915527344
2017-05-25,28.25198596419483,28.367333315776627,28.17783364632373,28.186071395874023,705700,0.0,0,-0.00087603079149845,1.0687199279170396,27.32095718383789,28.222716865579386,26.419197502096395,27.456904916961673,27.456904916961673,27.646299252360937,,29.36982727050781
2017-05-26,28.21078882652504,28.268462498014635,27.699960389075198,27.774112701416016,404600,0.0,0,-0.01461568335196628,1.053099855858668,27.36091728210449,28.268673384270393,26.45316117993859,27.456904916961673,27.456904916961673,27.765475683362677,27.18711663972757,29.436262130737305
2017-05-30,27.807064575229045,27.963606918402427,27.609324066450096,27.650522232055664,440900,0.0,0,-0.004449844021625626,1.0484137257609005,27.360093212127687,28.266753751570917,26.453432672684457,27.539295300218,27.456904916961673,27.77577568928003,27.18711663972757,28.879919052124023
2017-05-31,27.699955534249977,27.84002238544692,27.55989182603185,27.790586471557617,743500,0.0,0,0.0050655187748887,1.0537244851725933,27.367920207977296,28.28665947908066,26.44918093687393,27.621687257332134,27.456904916961673,27.670726102526505,27.18711663972757,29.029386520385746
2017-06-01,27.7988269330421,28.48267311157426,27.716433744498072,28.342609405517575,1391400,0.0,0,0.019863666228308263,1.0746553166426576,27.42847776412964,28.43348073384429,26.423474794414986,27.943008808213918,27.514574814860488,27.670726102526505,27.297414457579958,28.390003204345703
2017-06-02,28.57330301162084,28.705128965533444,28.3755625092626,28.65569305419922,578700,0.0,0,0.011046394642149515,1.0865263833745764,27.51622428894043,28.623969092855717,26.40847948502514,28.107793547672884,27.625802741840083,27.625410971018372,27.36686219487285,28.423219680786133
2017-06-05,28.57330157325053,28.869910740367352,28.367323334194783,28.73808479309082,679700,0.0,0,0.0028752310661537273,1.0896503977862506,27.584609031677246,28.81169711308944,26.35752095026505,28.214901283199602,27.708193629257035,27.60687506721502,27.432222810402553,28.78858184814453
2017-06-06,28.76280506743036,28.76280506743036,28.342610785817847,28.49915313720703,441600,0.0,0,-0.008314112008648289,1.0805909223287875,27.636515617370605,28.92526354548177,26.34776768925944,28.214901283199602,27.708193629257035,27.55743859077351,27.432222810402553,28.78858184814453
2017-06-07,28.565060683620334,28.820474831521715,28.400280606758542,28.73808479309082,530700,0.0,0,0.008383815993881383,1.0896503977862506,27.726321983337403,29.059013487853296,26.39363047882151,28.214901283199602,27.708193629257035,27.495644162697268,27.432222810402553,28.688934326171875
2017-06-08,28.68865159756176,28.754566148923345,28.36732601712102,28.556825637817383,423000,0.0,0,-0.006307280272101368,1.082777667328806,27.795942497253417,29.14948771057636,26.442397283930475,28.214901283199602,27.708193629257035,27.468867808834574,27.460817952620296,28.954648971557617
2017-06-09,28.581540201034198,29.14180127997621,28.581540201034198,29.051170349121094,581100,0.0,0,0.017310912549364676,1.1015215368383402,27.907170391082765,29.289432330437727,26.524908451727804,28.350846553004033,27.844138899061463,27.456509394908323,27.460817952620296,28.82179069519043
2017-06-12,29.01821691291273,29.347780227661133,29.01821691291273,29.347780227661133,479400,0.0,0,0.01020991151046724,1.1127679742563334,28.036936664581297,29.448522938366438,26.625350390796157,28.453836026846492,27.947128372903926,27.434244804844564,27.460817952620296,29.021076202392575
2017-06-13,29.25715206558398,29.603197193269228,29.232435678956097,29.314828872680664,444800,0.0,0,-0.0011227886649297636,1.1115185709881417,28.162171459198,29.56039405262615,26.763948865769848,28.65981546888365,28.07483685570797,27.428066011405708,27.460817952620296,28.771970748901367
2017-06-14,29.50433093984774,29.52080957995324,29.215959452470383,29.45489501953125,520100,0.0,0,0.004777996401033713,1.1168294027200052,28.29729347229004,29.645354838255784,26.949232106324295,28.97290398954354,28.07483685570797,27.428066011405708,27.460817952620296,28.64742088317871
2017-06-15,29.290109974648864,29.685587884117467,29.265393587488028,29.413698196411133,477300,0.0,0,-0.0013986409760686769,1.1152673593540827,28.413053512573242,29.7262606355118,27.099846389634685,29.014099334967657,28.116032201132093,27.428065957669748,27.460817952620296,28.506258010864254
2017-06-16,29.33954703517774,29.430177982271008,29.100611473382617,29.15828514099121,1944400,0.0,0,-0.00868347304423911,1.1055829653020117,28.501212406158448,29.76448711236485,27.237937699952045,29.014099334967657,28.116032201132093,27.428065957669748,27.460817952620296,28.30697631835937
2017-06-19,29.191242420475884,29.31483064705382,28.935828218938425,29.15828514099121,378600,0.0,0,0.0,1.1055829653020117,28.581544208526612,29.795938516713512,27.36714990033971,29.02645695061924,28.116032201132093,27.42394666799058,27.460817952620296,28.24884414672852
2017-06-20,29.215957040211183,29.33954525930855,28.96878374499542,29.314828872680664,395600,0.0,0,0.005368756459184887,1.1115185709881417,28.663935470581055,29.841608361131147,27.486262580030964,29.02645695061924,28.116032201132093,27.4074653343822,27.460817952620296,28.31527328491211
2017-06-21,29.35602750474425,29.405460284073342,28.977025053004816,29.150049209594727,318000,0.0,0,-0.0056210344533002,1.1052706868051343,28.72531747817993,29.869118140449366,27.581516815910497,29.133564042575834,28.116032201132093,27.374508644534224,27.460817952620296,27.974822998046875
2017-06-22,29.12532090178735,29.372497295878528,28.968778576110896,29.207714080810547,435300,0.0,0,0.0019782083660029315,1.10745714252447,28.77516393661499,29.911717883563533,27.63860998966645,29.310708051527946,28.198422584388425,27.27152024861171,27.460817952620296,27.64268493652344
2017-06-23,29.24891070753509,29.38897440511047,29.19947479740218,29.28186798095703,777800,0.0,0,0.002538846413701501,1.1102688061190962,28.829953765869142,29.953057432271265,27.70685009946702,29.310708051527946,28.280814541502554,27.27152024861171,27.460817952620296,27.45170021057129
2017-06-26,29.364256270689044,29.58671313855528,29.215951692111556,29.48784446716309,483800,0.0,0,0.007034267292647112,1.118078733668026,28.915640354156494,29.96148085623011,27.869799852082878,29.310708051527946,28.54446619448552,27.273579784248565,27.460817952620296,26.90366554260254
2017-06-27,29.454889546630422,29.60319413704476,29.166521255812917,29.18299674987793,511600,0.0,0,-0.010338080751362888,1.1065199454329844,28.992264080047608,29.86455061044746,28.119977549647757,29.310708051527946,28.598023006964894,27.3415536521566,27.460817952620296,27.177682876586918
2017-06-28,29.32001393498293,29.40304867133741,29.09581634573926,29.270191192626957,457600,0.275,0,0.0029878508878424803,1.1098260620343616,29.066244316101074,29.746245909233878,28.38624272296827,29.269511177991593,28.62273985507466,27.3415536521566,27.460817952620296,26.9700870513916
2017-06-29,29.08750977717704,29.104117357280423,28.87991977724269,28.94635009765625,556400,0.0,0,-0.011063853079725683,1.097547109539963,29.09643135070801,29.692877176745466,28.499985524670553,29.241556957143725,28.62273985507466,27.405406026087917,27.460817952620296,26.795717239379883
2017-06-30,29.087509155273438,29.253581785184608,28.946349478770703,29.08750915527344,425900,0.0,0,0.004876575358929935,1.1028993807296104,29.118022155761718,29.678917243389087,28.55712706813435,29.241556957143725,28.62273985507466,27.423944613946812,27.460817952620296,26.762496948242188
2017-07-03,29.22036224276404,29.419650002279564,29.021077650819997,29.36982727050781,200800,0.0,0,0.009705819557367823,1.1136039231089048,29.149609279632568,29.6920132580418,28.607205301223335,29.241556957143725,28.62273985507466,27.456904916961673,27.460817952620296,26.90366554260254
2017-07-05,29.303404659709415,29.610636967541662,29.07090170973164,29.436262130737305,854300,0.0,0,0.0022620105871786755,1.1161229069729008,29.19646472930908,29.661645442974663,28.7312840156435,29.24527837239218,28.62273985507466,27.456904916961673,27.51045469759338,27.094646453857425
2017-07-06,29.34492178062756,29.4860814566041,28.821794107007573,28.879919052124023,658000,0.0,0,-0.018899922692030557,1.0950282703163086,29.20355644226074,29.64397315088971,28.76313973363177,29.216215537274618,28.62273985507466,27.49810010858984,27.51045469759338,26.92026710510254
2017-07-07,28.896529039397084,29.08751147034502,28.763671558408426,29.029386520385746,689100,0.0,0,0.005175480858930159,1.100695568169318,29.22718448638916,29.563747742260055,28.890621230518263,29.187154262975042,28.70101081430777,27.5392960871469,27.51045469759338,27.19429016113281
2017-07-10,28.97125575483194,29.004470910304654,28.373395626609348,28.390003204345703,520200,0.0,0,-0.022025381610839,1.0764523282430296,29.19412612915039,29.688393834024463,28.699858424276318,28.992016297075505,29.014099334967657,27.728791811537203,27.514574814860488,27.15277099609375
2017-07-11,28.5062575733271,28.522861984263574,28.13259497582203,28.423219680786133,608900,0.0,0,0.0011700060828223613,1.0777117840149422,29.14789810180664,29.740389284155174,28.555406919458104,28.871615971681848,28.90909142996975,27.866798144756483,27.625802741840083,27.385276794433597
2017-07-12,28.49795709328123,29.004477238247777,28.49795709328123,28.78858184814453,494600,0.0,0,0.01285435539891977,1.0915650743042742,29.121585750579833,29.728805850343566,28.5143656508161,28.871615971681848,28.90909142996975,27.961547456228317,27.708193629257035,27.14446258544922
2017-07-13,28.855012173583148,29.037692400967085,28.59759941386689,28.78858184814453,393600,0.0,0,0.0,1.0915650743042742,29.088270092010497,29.691748985020794,28.4847911990002,28.871615971681848,28.90909142996975,27.961547456228317,27.708193629257035,27.21089553833008
2017-07-14,28.97125682295559,28.97956219591576,28.63080938573744,28.688934326171875,694500,0.0,0,-0.0034613557033924547,1.087786779308707,29.052031898498534,29.66006713105536,28.443996665941707,28.871615971681848,28.90909142996975,27.961547456228317,27.708193629257035,27.518129348754883
2017-07-17,28.688934055628305,29.03768686251781,28.58929175404773,28.954648971557617,559900,0.0,0,0.009261921072590606,1.097861774602472,29.041850090026855,29.649239923012914,28.434460257040797,28.871615971681848,28.90909142996975,27.961547456228317,27.708193629257035,27.60116577148437
2017-07-18,28.94634594430811,29.12072075901561,28.80518311746997,28.82179069519043,630000,0.0,0,-0.004588495495065237,1.0928242407955042,29.025025367736816,29.637257249116526,28.412793486357106,28.809338216213064,28.90909142996975,28.097492726032748,27.844138899061463,27.734027862548828
2017-07-19,28.83009382482325,29.021076202392575,28.74705594268138,29.021076202392575,534400,0.0,0,0.00691440408091637,1.100380469185785,29.01033773422241,29.60781373997555,28.41286172846927,28.62665786741882,28.90909142996975,28.20048219987521,27.947128372903926,27.476612091064453
2017-07-20,29.104112796201143,29.278487608601388,28.76366537636525,28.771970748901367,453900,0.0,0,-0.008583604955031632,1.090935237938062,28.991433811187743,29.593990087967796,28.38887753440769,28.70554129221171,28.90909142996975,28.36732616229581,28.07483685570797,27.39357566833496
2017-07-21,28.863313096102814,29.01277815411648,28.46474066392377,28.64742088317871,443400,0.0,0,-0.004328861127019357,1.0862127307944562,28.96341915130615,29.57527751621782,28.351560786394483,28.70554129221171,28.90909142996975,28.523870422625755,28.07483685570797,27.15277099609375
2017-07-24,28.655719884588635,28.747059983999804,28.497952637696827,28.506258010864254,313800,0.0,0,-0.004927594455714002,1.0808603149644676,28.924638652801512,29.549172064771728,28.300105240831297,28.87161413626258,28.871615971681848,28.565065768049877,28.116032201132093,27.13616371154785
2017-07-25,28.53947613587916,28.56438909316517,28.248851363979423,28.30697631835937,853700,0.0,0,-0.006990805051611204,1.0733042312145278,28.865595245361327,29.489251257539372,28.24193923318328,28.763669486290404,28.871615971681848,28.565065768049877,28.116032201132093,27.3686580657959
2017-07-26,28.29036150816807,28.41491676005836,28.174111629108666,28.24884414672852,553600,0.0,0,-0.002053634092778367,1.0711000570533824,28.818887615203856,29.479693774706174,28.158081455701538,28.726299618855027,28.871615971681848,28.571244575875667,28.116032201132093,27.7008113861084
2017-07-27,28.21563097692804,28.406613387052445,28.04125614606295,28.31527328491211,534900,0.0,0,0.002351570132871572,1.0736188239568663,28.771141719818115,29.432614423203358,28.10966901643287,28.65987187733217,28.825946556802307,28.571244575875667,28.116032201132093,27.80875587463379
2017-07-28,28.190718338998156,28.547773338010888,27.66759073177017,27.974822998046875,1141300,0.0,0,-0.012023556454482276,1.060710107416426,28.722565364837646,29.464192259184564,27.980938470490727,28.47303917018578,28.639113849655914,28.624798121853964,28.116032201132093,27.742328643798828
2017-07-31,27.825361981096183,27.85857714104468,27.468310098151825,27.64268493652344,728300,0.0,0,-0.011872749348463163,1.0481165621796893,28.650324153900147,29.509253685187115,27.79139462261318,28.373398853376607,28.539473532846742,28.754565317958185,28.116032201132093,27.65098571777344
2017-08-01,27.401877474836677,27.966522476208745,27.144464758232083,27.45170021057129,1045300,0.0,0,-0.006909051215202688,1.0408750711720876,28.55441780090332,29.49589543291684,27.6129401688898,28.211476183416735,28.37755086288687,28.795761296515252,28.116032201132093,27.3769645690918
2017-08-02,27.368665120119424,27.39357807432358,26.85384280176628,26.90366554260254,1078700,0.0,0,-0.019963596562871833,1.0200954611788575,28.42778797149658,29.53017985395878,27.32539608903438,27.93331047794138,28.23223988465397,28.92758712300673,28.116032201132093,27.401880264282227
2017-08-03,26.845540771548787,27.244113198137786,26.812325610773357,27.177682876586918,827300,0.0,0,0.010185130109890306,1.0304852661754726,28.342676162719727,29.551235912078305,27.13411641336115,27.77969279738658,28.21148128915751,28.95436552924642,28.116032201132093,27.559648513793945
2017-08-04,27.194284586872865,27.34374961052704,26.91196211636736,26.9700870513916,521300,0.0,0,-0.007638466683786205,1.0226139388016589,28.239711189270018,29.54482563120178,26.934596747338258,27.688357351969263,28.21148128915751,28.946125516533126,28.116032201132093,27.45170021057129
2017-08-07,26.970092076945285,27.06973438875809,26.5964294481823,26.795717239379883,884800,0.0,0,-0.006465304011791129,1.0160024288006109,28.159996891021727,29.60728746280238,26.712706319241075,27.572101393096595,28.10353320786198,28.932148406109192,28.116032201132093,27.169376373291016
2017-08-08,26.762496948242184,27.094642147363203,26.64624707882124,26.762496948242188,1280300,0.0,0,-0.0012397612215758747,1.014742828388357,28.07696075439453,29.641453130998187,26.512468377790874,27.572101393096595,28.10353320786198,28.932148406109192,28.116032201132093,27.285625457763672
2017-08-09,26.77080806794456,26.911967748955888,26.596430058803676,26.90366554260254,769800,0.0,0,0.005274866341259843,1.0200954611788575,27.982714939117432,29.591337667895452,26.374092210339413,27.572101393096595,28.10353320786198,28.932148406109192,28.116032201132093,27.20259094238281
2017-08-10,26.828931519355727,27.136163818453586,26.712678463885844,27.094646453857425,1062400,0.0,0,0.007098694821063178,1.027336807546118,27.898018169403077,29.506375247290205,26.28966109151595,27.281475962195522,28.0412554523932,28.934009113733417,28.116032201132093,27.036521911621094
2017-08-11,26.91196489962819,27.12785708525011,26.77910743903661,26.92026710510254,1106300,0.0,0,-0.006435933720406961,1.0207249359442168,27.80958480834961,29.42884434994359,26.19032526675563,27.281475962195522,27.937458528391844,28.91947769617464,28.116032201132093,27.069738388061523
2017-08-14,27.06143268704848,27.36036279563124,26.986700159902792,27.19429016113281,625400,0.0,0,0.010179061558357683,1.0311149579013437,27.72156686782837,29.271442614974315,26.17169112068242,26.99500376125294,27.937458528391844,28.944082538641407,28.116032201132093,27.119558334350582
2017-08-15,26.95348321437991,27.26071867650424,26.903663644630324,27.15277099609375,1503800,0.0,0,-0.0015267603895173787,1.029540692426581,27.638115882873535,29.11954049524869,26.15669127049838,26.97839612190677,27.937458528391844,29.00305781602158,28.116032201132093,27.119558334350582
2017-08-16,27.20259655162908,27.476616915835848,27.127864012988372,27.385276794433597,789500,0.0,0,0.008562875530210068,1.0383565212291161,27.556325912475586,28.89565023795713,26.21700158699404,27.036523182009073,27.937458528391844,28.8903537008258,28.116032201132093,27.011608123779297
2017-08-17,27.368660126951468,27.601163040863884,27.127855008200367,27.14446258544922,1141000,0.0,0,-0.008793564906867335,1.029225665763219,27.474950504302978,28.700721882228297,26.24917912637766,27.098796244523093,27.937458528391844,28.8903537008258,28.116032201132093,27.54303932189941
2017-08-18,27.119555438372288,27.29393026507073,26.986697975044173,27.21089553833008,1041300,0.0,0,0.0024473850853277135,1.0317445773070444,27.403124237060545,28.50666579836607,26.299582675755023,27.09879654983378,27.937458528391844,28.8903537008258,28.116032201132093,27.426788330078125
2017-08-21,27.235806827637624,27.61777165986334,27.06143199130484,27.518129348754883,578600,0.0,0,0.011290837892197425,1.043393838075572,27.353717803955078,28.335839025830495,26.37159658207966,27.107100859333507,27.937458528391844,28.8903537008258,28.116032201132093,27.63437843322754
2017-08-22,27.51812787702508,27.67589829271185,27.36866283457013,27.60116577148437,728400,0.0,0,0.003017516985879265,1.046542296704927,27.318427276611327,28.206220099851436,26.43063445337122,27.194288378298847,27.937458528391844,28.8903537008258,28.116032201132093,27.63019371032715
2017-08-23,27.551347631829447,27.8336701849538,27.49322267979552,27.734027862548828,477700,0.0,0,0.004813640560128896,1.0515799751522361,27.292686462402344,28.096047641405658,26.48932528339903,27.306388811995205,27.937458528391844,28.859214823091406,28.116032201132093,27.48785781860352
2017-08-24,27.8253617651005,27.883489878345145,27.35205682601045,27.476612091064453,1020400,0.0,0,-0.009281586243445772,1.04181964492098,27.25075340270996,27.90930650955672,26.5922002958632,27.393576761487736,27.937458528391844,28.767874648694285,28.116032201132093,27.546466827392575
2017-08-25,27.609467857852756,27.609467857852756,27.26071820534591,27.39357566833496,429800,0.0,0,-0.003022076464678003,1.0386711862916251,27.221691036224364,27.794751050256934,26.648631022191793,27.393576761487736,27.80460380114939,28.807316361090727,28.116032201132093,27.688800811767575
2017-08-28,27.42678813243197,27.526433607074804,27.086340679665195,27.15277099609375,264600,0.0,0,-0.008790552761593795,1.0295406924265813,27.19719533920288,27.736728948758323,26.65766172964744,27.43509392669466,27.67174471609105,28.807316361090727,28.116032201132093,27.93998336791992
2017-08-29,27.136163711547848,27.26071897241752,26.820626040230724,27.13616371154785,488400,0.0,0,-0.0006116239314317706,1.0289110007007103,27.18141851425171,27.70843535151448,26.65440167698894,27.352057959287933,27.580409270673734,28.871615053972214,28.116032201132093,27.931615829467773
2017-08-30,27.12785296518002,27.37696343758057,26.945175964343186,27.3686580657959,328300,0.0,0,0.008567694266566894,1.0377263955822214,27.20466814041138,27.72143804344258,26.68789823738018,27.352057959287933,27.572101393096595,28.817642728986126,28.116032201132093,27.88975143432617
2017-08-31,27.39357905883976,27.79215149713825,27.39357905883976,27.7008113861084,525700,0.0,0,0.012136266217875225,1.0503205193803233,27.230824565887453,27.791099395644018,26.670549736130887,27.352057959287933,27.572101393096595,28.798957795268436,28.116032201132093,27.88137435913086
2017-09-01,27.65929083154269,27.91670038653262,27.65929083154269,27.80875587463379,246500,0.0,0,0.0038967987984468433,1.0544134071182287,27.27275800704956,27.873244297588197,26.672271716510924,27.368663213381673,27.572101393096595,28.742909217067236,28.116032201132093,27.88975143432617
2017-09-05,27.916703490938747,27.991436020794737,27.667596113942835,27.742328643798828,433400,0.0,0,-0.002388716386106049,1.0518947125349154,27.320088577270507,27.91177701936817,26.728400135172844,27.40603103051273,27.293932734488518,28.556076509920846,28.116032201132093,27.81439781188965
2017-09-06,27.866881078740832,27.958218012534296,27.501520673279646,27.65098571777344,608400,0.0,0,-0.0032925471829778896,1.0484312995623692,27.36451301574707,27.913503520507902,26.81552251098624,27.40603103051273,27.293932734488518,28.456436193111674,28.198422584388425,27.856258392333984
2017-09-07,27.68419681882706,27.74232175343721,27.335444043594805,27.3769645690918,513500,0.0,0,-0.009909995668093141,1.0380413499254129,27.388177967071535,27.89435599793485,26.88199993620822,27.40603103051273,27.293932734488518,28.294513523151803,28.280814541502554,27.72229385375977
2017-09-08,27.327147736858574,27.59286268601555,27.29393257632094,27.401880264282227,417100,0.0,0,0.0009100970681956699,1.038986068314646,27.403539657592773,27.89126817265581,26.915811142529737,27.40603103051273,27.293932734488518,28.082775181297677,28.269715342941872,27.75578498840332
2017-09-11,27.50152356455469,27.841971053344096,27.50152356455469,27.559648513793945,338500,0.0,0,0.005757570210149554,1.0449681035503346,27.435508728027344,27.873060768860654,26.997956687194034,27.40603103051273,27.293932734488518,27.995587043272046,28.248956747445412,27.253416061401367
2017-09-12,27.543037141393828,27.900092161895923,27.33544716052385,27.45170021057129,495100,0.0,0,-0.0039168969505770646,1.040875071172088,27.448379230499267,27.871546177717107,27.025212283281427,27.46830599256896,27.293932734488518,27.94991932056339,28.248956747445412,26.97711944580078
2017-09-13,27.418483704565837,27.443393487421844,27.07803627939021,27.169376373291016,348300,0.0,0,-0.010284384395672252,1.0301703118322816,27.44920949935913,27.870087462319972,27.02833153639829,27.534736150092474,27.293933039799207,27.837817300479287,28.141008666149883,26.784543991088867
2017-09-14,27.13616042982444,27.31884061232161,27.08633769798753,27.285625457763672,484400,0.0,0,0.0042786806320271875,1.0345780815932077,27.444226932525634,27.870398234693003,27.018055630358266,27.534736150092474,27.293933039799207,27.837817300479287,28.141008666149883,26.44962882995605
2017-09-15,27.385271147518186,27.385271147518186,26.995000952027848,27.20259094238281,631500,0.0,0,-0.003043159685285346,1.0314296952840234,27.447133350372315,27.865731932699035,27.028534768045596,27.493218486411294,27.35205724234029,27.837817300479287,28.141008666149883,26.50823783874512
2017-09-18,27.202591372473236,27.269021690871625,26.737591813972173,27.036521911621094,541200,0.0,0,-0.0061048975486732715,1.0251329226656551,27.438414669036867,27.883075248674334,26.9937540893994,27.347904913253235,27.364513917383455,27.66136570729436,28.141008666149883,26.29054450988769
2017-09-19,26.97840143648925,27.111258927725448,26.779113615848733,27.069738388061523,980300,0.0,0,0.0012285780156564563,1.026392378437568,27.415995121002197,27.887044710319948,26.944945531684446,27.31884198793405,27.364513917383455,27.609467245293683,28.141008666149883,26.089599609375
2017-09-20,27.102950753714648,27.31054076030569,26.978398650303298,27.119558334350582,589800,0.0,0,0.0018404295444180985,1.02828138129501,27.391914749145506,27.87189132419081,26.911938174100204,27.31884198793405,27.364513917383455,27.46623114482239,28.141008666149883,26.081226348876957
2017-09-21,27.144468121518432,27.401880870017287,27.03652359874302,27.119558334350582,504600,0.0,0,0.0,1.02828138129501,27.361191272735596,27.827982370495718,26.894400174975473,27.31884198793405,27.364513917383455,27.457927325149306,28.141008666149883,26.9268798828125
2017-09-22,27.127858009812453,27.310538212191307,26.853840873815997,27.011608123779297,314100,0.0,0,-0.003980529816908995,1.0241882765965928,27.337941074371336,27.82551020504129,26.850371943701383,27.31884198793405,27.364513917383455,27.48699085520046,28.141008666149883,26.751052856445312
2017-09-25,27.451702383845987,27.73402490688271,27.23580701280921,27.54303932189941,767400,0.0,0,0.019674178437835144,1.0443383395042931,27.345414257049562,27.840769844845205,26.85005866925392,27.23580836042744,27.364513917383455,27.51812738645747,28.141008666149883,26.734304428100582
2017-09-26,27.59286095477446,27.59286095477446,27.293930863835428,27.426788330078125,957700,0.0,0,-0.00422070311350331,1.0399304974231964,27.35911512374878,27.84743201867374,26.87079822882382,27.23580836042744,27.364513917383455,27.51812753911281,28.141008666149883,27.37063407897949
2017-09-27,27.393576452373424,27.64268380666119,27.368663499644335,27.63437843322754,590800,0.0,0,0.0075688812212020284,1.0478016078364982,27.384025859832764,27.875160884243773,26.892890835421756,27.23580836042744,27.364513917383455,27.522279693862675,28.141008666149883,27.203184127807617
2017-09-28,27.672057001398407,27.672057001398407,27.42924544163499,27.63019371032715,272900,0.275,0,-0.00015143177222176618,1.0476429373820868,27.397102642059327,27.89982201253725,26.894383271581404,27.23580836042744,27.364513917383455,27.565873453345347,28.141008666149883,27.085962295532227
2017-09-29,27.53809249018761,27.7892754300012,27.387382087506584,27.48785781860352,609800,0.0,0,-0.005151461955564596,1.042246044647147,27.38645496368408,27.87151566874939,26.901394258618772,27.284194522924967,27.364513917383455,27.621923670193524,28.141008666149883,27.169692993164062
2017-10-02,27.521346297852627,27.67205669923498,27.353889941431756,27.546466827392575,477100,0.0,0,0.0021321781120895444,1.0444682988509557,27.37334051132202,27.824679785740084,26.922001236903956,27.321558151908597,27.364513917383455,27.66551764493979,28.141008666149883,27.111082077026367
2017-10-03,27.66368347786336,27.7139181456718,27.571582328262384,27.688800811767575,234100,0.0,0,0.005167050470278767,1.049865119265725,27.37066411972046,27.813688442630788,26.92763979681013,27.321558151908597,27.364513917383455,27.599090281318563,28.141008666149883,27.03572654724121
2017-10-04,27.79764755236883,27.948357941754743,27.638562589148098,27.93998336791992,388000,0.0,0,0.009071630001599607,1.0593891071792887,27.385114002227784,27.880162146611994,26.890065857843574,27.40109940778537,27.364513917383455,27.553419321392855,28.141008666149883,27.0692195892334
2017-10-05,27.990225078515667,28.19954473767659,27.89812391745054,27.931615829467773,452900,0.0,0,-0.0002994825852957739,1.0590718385906364,27.412846565246582,27.962697404717723,26.86299572577544,27.7176758752429,27.46856827582438,27.466233614980833,28.10353320786198,27.10270881652832
2017-10-06,27.873005478979294,27.96510663640492,27.6134479620493,27.88975143432617,311600,0.0,0,-0.0014988175190866482,1.0574844831649854,27.43724012374878,28.02536512048784,26.849115127009718,27.74673780075601,27.46856827582438,27.462079676192264,28.10353320786198,27.136201858520508
2017-10-09,27.89812031297588,27.990221462141417,27.82276511765536,27.88137435913086,373300,0.0,0,-0.00030036392454180216,1.0571668529754799,27.453326416015624,28.071143512498107,26.83550931953314,27.776717339554175,27.46856827582438,27.462079676192264,28.10353320786198,26.876644134521484
2017-10-10,27.95673206174928,28.04883321917491,27.78927570224491,27.88975143432617,224700,0.0,0,0.0003004541701354668,1.0574844831649852,27.47522897720337,28.121965334492035,26.8284926199147,27.776717339554175,27.46856827582438,27.470382303239134,28.10353320786198,26.307292938232425
2017-10-11,27.906498974545904,28.00697151836883,27.78927728046048,27.81439781188965,452600,0.0,0,-0.0027018391545711173,1.0546273301830187,27.5074800491333,28.154323793924508,26.86063630434209,27.776717339554175,27.46856827582438,27.34998188250062,28.10353320786198,26.097972869873047
2017-10-12,27.822766483000404,27.93161359135241,27.75578585829751,27.856258392333984,364200,0.0,0,0.0015049968267313307,1.0562145409683283,27.536011695861816,28.191571696936066,26.880451694787567,27.776717339554175,27.46856827582438,27.34998188250062,28.10353320786198,25.947263717651367
2017-10-13,28.02371464879831,28.02371464879831,27.672055989931923,27.72229385375977,614400,0.0,0,-0.004809136126159741,1.0511350614623822,27.561996841430663,28.203531984056433,26.920461698804893,27.885563532969485,27.46856827582438,27.34998188250062,28.10353320786198,25.84678840637207
2017-10-16,27.722293080119407,27.88974942757479,27.655309263551587,27.75578498840332,467500,0.0,0,0.0012080939196525975,1.0524049313388686,27.597959995269775,28.196375366388217,26.999544624151333,27.906496349862945,27.46856827582438,27.34998188250062,28.10353320786198,25.964008331298828
2017-10-17,27.697175863131203,27.81439434865691,27.236670107188527,27.253416061401367,771700,0.0,0,-0.01809961156608786,1.0333568108713997,27.607143878936768,28.17753619147859,27.036751566394944,27.71810742243256,27.46856827582438,27.34998188250062,28.10353320786198,25.87190818786621
2017-10-18,27.21155644851935,27.37901281930316,26.96037348932594,26.97711944580078,830800,0.0,0,-0.010138054436115262,1.022880583270855,27.60002193450928,28.19779199910757,27.00225186991099,27.504603354250424,27.46856827582438,27.38111936352874,28.10353320786198,26.16495513916016
2017-10-19,26.93525280757593,26.96874472033904,26.583597305457143,26.784543991088867,934200,0.0,0,-0.0071384735905111185,1.0155787772409293,27.58327121734619,28.24958705689505,26.916955377797333,27.316215262316028,27.391571021566868,27.414334594945842,28.10353320786198,26.097972869873047
2017-10-20,26.82640480638702,26.82640480638702,26.44125585303736,26.44962882995605,593200,0.0,0,-0.012504045663209395,1.0028799338357224,27.55517225265503,28.351759702251066,26.758584803058994,27.245044536106136,27.320400295356976,27.414334594945842,28.10353320786198,25.64584350585937
2017-10-23,26.248681944471908,26.59196601021513,26.15658079615669,26.50823783874512,1179700,0.0,0,0.0022158726372254467,1.0051021880395314,27.503432178497313,28.42283991577159,26.584024441223036,27.0901477224775,27.17806276691664,27.422637864375794,28.10353320786198,25.5788631439209
2017-10-24,26.49149115770935,26.61708420995713,26.215189317331824,26.29054450988769,937500,0.0,0,-0.008212289710908038,0.9968479976822833,27.446619987487793,28.508934093620013,26.384305881355573,27.0901477224775,27.17806276691664,27.356209415318347,28.0412554523932,25.403032302856445
2017-10-25,26.307292225006908,26.39939337696174,26.030990366124502,26.089599609375,485900,0.0,0,-0.007643238444039024,0.9892288507435347,27.369381046295167,28.58164816044822,26.157113932142114,27.02735250746141,27.115267551900544,27.341677952658753,27.937458528391844,25.48676300048828
2017-10-26,26.13983559149077,26.34915522767274,25.88865266686524,26.081226348876957,450400,0.0,0,-0.000320942468393981,0.9889113651943705,27.291932678222658,28.621249760196225,25.96261559624909,26.889201047220016,27.044098702270915,27.341677952658753,27.937458528391844,25.6207218170166
2017-10-27,27.906497514207828,28.30839086243316,26.56684982615898,26.9268798828125,1480800,0.0,0,0.032423840912371604,1.020975669975869,27.263883781433105,28.59920606388923,25.92856149897698,27.0985217646492,27.0985217646492,27.341677952658753,27.937458528391844,24.950902938842773
2017-10-30,26.876642734515688,27.03572771828846,26.62545978441044,26.751052856445312,1000000,0.0,0,-0.006529795770337965,1.0143089073644427,27.224113082885744,28.570856920207422,25.877369245564065,27.0985217646492,27.0985217646492,27.341677952658753,27.937458528391844,24.825307846069336
2017-10-31,26.38264737228629,26.910132157516685,26.357528440805943,26.734304428100582,3958400,0.0,0,-0.0006260848286834264,1.0136738639459433,27.176388263702393,28.521511550936143,25.831264976468642,27.0985217646492,27.0985217646492,27.300161138905448,27.937458528391844,25.202083587646484
2017-11-01,26.8264049492055,27.4543638486122,26.74267677655486,27.37063407897949,1124700,0.0,0,0.023801990158010433,1.037801319279017,27.14792079925537,28.450155937311795,25.845685661198946,27.0985217646492,27.0985217646492,27.300161138905448,27.937458528391844,25.302562713623047
2017-11-02,27.4041292106369,27.47948441518901,27.12782892325551,27.203184127807617,1064400,0.0,0,-0.006117868906094226,1.0314521868570963,27.111499214172362,28.36325371351225,25.859744714832473,27.0985217646492,27.0985217646492,27.300161138905448,27.937458528391844,25.202083587646484
2017-11-03,27.03572762206866,27.337148438708,26.86827125793964,27.085962295532227,863200,0.0,0,-0.004309121745625477,1.0270075338091373,27.071309757232665,28.270487920240505,25.872131594224825,27.0985217646492,27.0985217646492,27.300161138905448,27.937458528391844,25.13510131835937
2017-11-06,27.152947036788547,27.41250456966218,26.993865242168017,27.169692993164062,662600,0.0,0,0.0030912949194219497,1.0301823169806097,27.035725688934328,28.176859899108198,25.894591478760457,27.0985217646492,27.0985217646492,27.324354220154213,27.937458528391844,25.202083587646484
2017-11-07,27.11945345771746,27.429245646718268,26.9687430535626,27.111082077026367,566300,0.0,0,-0.002157216724989919,1.0279599904566303,26.996792221069335,28.069050067924486,25.924534374214183,27.0985217646492,27.0985217646492,27.343036034646026,27.937458528391844,25.24394798278809
2017-11-08,27.02735197268723,27.379010642774144,26.960371346077185,27.03572654724121,1150100,0.0,0,-0.0027795102228328483,1.025102765154493,26.957858657836915,27.962226280591214,25.953491035082617,27.332959651619554,27.0985217646492,27.343036034646026,27.80460380114939,25.285812377929688
2017-11-09,26.97711842907522,27.22830137880193,26.82640802044629,27.0692195892334,454800,0.0,0,0.0012388437918864348,1.0263727073511504,26.918506717681886,27.836007684467955,26.001005750895818,26.918506427997478,27.0985217646492,27.382806662584414,27.67174471609105,25.57048797607422
2017-11-10,27.0022362735415,27.228301890735267,26.99386489244449,27.10270881652832,549400,0.0,0,0.0012371700330895408,1.0276425049074662,26.887527465820312,27.732606279521626,26.042448652119,26.918506427997478,27.0985217646492,27.593122075533643,27.580409270673734,25.369543075561523
2017-11-13,27.20318568594329,27.28691227625707,27.052475268206727,27.136201858520508,487900,0.0,0,0.0012357820843267309,1.0289124471041236,26.856548309326172,27.611767299479187,26.101329319173157,27.111080595871933,27.0985217646492,27.607653038290195,27.572101393096595,24.632736206054688
2017-11-14,27.12783029167553,27.21992826280539,26.80966350152116,26.876644134521484,606800,0.0,0,-0.009564998276187509,1.0190709013212247,26.83770971298218,27.570619401071678,26.10480002489268,27.144573958355085,27.0985217646492,27.622642807689278,27.572101393096595,24.28944969177246
2017-11-15,26.876641028803068,26.97711675764012,26.29891996082933,26.307292938232425,1055800,0.0,0,-0.02118386482476664,0.9974830411007828,26.80421838760376,27.569447524917543,26.03898925028998,26.864082803773798,27.0985217646492,27.622642807689278,27.572101393096595,24.37318420410156
2017-11-16,26.29891953333428,26.399393663555955,25.9053991836788,26.097972869873047,1555100,0.0,0,-0.007956731574428666,0.9895463362926991,26.76988983154297,27.595468770167486,25.944310892918452,26.667322415198534,27.0985217646492,27.622642807689278,27.397987092929444,24.465280532836918
2017-11-17,26.056110830361128,26.190075279094525,25.830045224255198,25.947263717651367,1411100,0.0,0,-0.0057747455318897245,0.9838319580085949,26.744771575927736,27.636464152220192,25.85307899963528,26.629645435486733,27.06921804334418,27.622642807689278,27.397987092929444,24.53226661682129
2017-11-20,25.905397646781704,26.02261612760097,25.82166947606136,25.84678840637207,987500,0.0,0,-0.0038722892853995106,0.9800222760589646,26.711699104309083,27.68248267983043,25.74091552878774,26.600340059417753,27.065030169247258,27.677065904396933,27.397987092929444,24.77314567565918
2017-11-21,25.922143445119133,25.989127263006644,25.746315714110768,25.964008331298828,837900,0.0,0,0.004535183369159368,0.9844668567867529,26.695372295379638,27.704586116143535,25.68615847461574,26.516613995183917,27.027353288271964,27.687532312843665,27.397987092929444,24.68017578125
2017-11-22,25.89702712055384,26.089600813545765,25.746316718392443,25.87190818786621,788400,0.0,0,-0.003547223612680561,0.9809747327064575,26.684487724304198,27.724170939052275,25.64480450955612,26.516613995183917,27.027353288271964,27.59333784912847,27.397987092929444,24.629457473754883
2017-11-24,25.91377220861707,26.240310337719507,25.91377220861707,26.16495513916016,379700,0.0,0,0.011326839488066343,0.9920860760456723,26.68867416381836,27.71914126452212,25.6582070631146,26.516613995183917,27.027353288271964,27.4865858150374,27.397987092929444,24.392807006835938
2017-11-27,26.24031028944752,26.34915579995405,26.072853938072097,26.097972869873047,1050500,0.0,0,-0.0025599993934964926,0.9895463362926991,26.647228813171388,27.702687625177944,25.591770001164832,26.48312198845808,27.027353288271964,27.353893141941448,27.391571021566868,23.64055824279785
2017-11-28,26.089601750721453,26.22356620256996,25.612353191388365,25.64584350585937,1000100,0.0,0,-0.017324309679837446,0.9724031291202158,26.59196834564209,27.733114817018706,25.450821874265475,26.294734974514242,26.96037202691076,27.282722415731556,27.320400295356976,23.78425025939941
2017-11-29,25.603982079341304,25.76306547637249,25.47839059620399,25.5788631439209,1178100,0.0,0,-0.002611743377564091,0.9698634616874134,26.534196281433104,27.755730590442177,25.31266197242403,25.938892129879974,26.893390729318575,27.134105244697068,27.17806276691664,23.792699813842773
2017-11-30,25.662588216093013,25.72957043876639,25.285813812423573,25.403032302856445,2040300,0.0,0,-0.006874067861231015,0.9631965544356458,26.43581619262695,27.68891559547877,25.182716789775135,25.817484806188812,26.797102337428367,27.134105244697068,27.17806276691664,23.60675430297852
2017-12-01,25.470017043918613,25.69608266666217,25.28581631259922,25.48676300048828,1360900,0.0,0,0.0032960906648307198,0.9663713376071182,26.349995136260986,27.616299619625373,25.0836906528966,25.817484806188812,26.797102337428367,27.071310029680976,27.115267551900544,23.37854766845703
2017-12-04,25.36953731473311,25.779805175431285,25.260691814964304,25.6207218170166,1403500,0.0,0,0.005256015309820006,0.9714506001525525,26.276733112335204,27.53364982559537,25.01981639907504,25.804923807459176,26.78454133869873,26.966649874745464,27.044098702270915,23.496875762939453
2017-12-05,25.66259010525233,25.7881815823876,24.94253155775173,24.950902938842773,1041600,0.0,0,-0.02614363806600295,0.9460533472631628,26.16579360961914,27.478905533705802,24.852681685532477,25.64584367885289,26.21100798647037,27.0985217646492,27.0985217646492,22.94748878479004
2017-12-06,24.95927228176691,25.10160969431834,24.800190512489817,24.825307846069336,856300,0.0,0,-0.005033689284964282,0.9412912086660397,26.05150489807129,27.41315371219754,24.68985608394504,25.574673156221934,26.139837463839413,27.0985217646492,27.0985217646492,23.2010555267334
2017-12-07,24.88391685805632,25.294183138227197,24.716462113466463,25.202083587646484,1013300,0.0,0,0.015177082351339521,0.9555772628565561,25.959822750091554,27.290281553427977,24.62936394675513,25.532808956710255,26.097973264327734,27.0985217646492,27.0985217646492,23.55604362487793
2017-12-08,25.1853442021427,25.37791792728397,25.017887816900107,25.302562713623047,446100,0.0,0,0.003986937255688439,0.9593870894465276,25.871489906311034,27.127302464397683,24.615677348224384,25.47001415801821,26.097973264327734,27.0985217646492,27.0985217646492,23.20950508117676
2017-12-11,25.26069282810204,25.285811758432427,25.09323648653016,25.202083587646484,817200,0.0,0,-0.003971104710372431,0.955577262856556,25.776458644866942,26.927392618543635,24.62552467119025,25.252321847927032,26.072853880092367,27.0985217646492,27.0985217646492,23.3447380065918
2017-12-12,25.28581170606554,25.3276749928808,25.11835536484046,25.13510131835937,954600,0.0,0,-0.002657806806098617,0.9530375231035827,25.676403617858888,26.673151639616137,24.67965559610164,25.252321847927032,26.072853880092367,27.0985217646492,27.0985217646492,23.505334854125977
2017-12-13,25.151847323967733,25.38628428578993,25.068119153181797,25.202083587646484,1388000,0.0,0,0.002664889567729256,0.955577262856556,25.592675590515135,26.44083655807888,24.744514622951392,25.252321847927032,26.072853880092367,27.0985217646492,27.0985217646492,23.6236572265625
2017-12-14,25.210457671192664,25.36116806582732,25.05974727655801,25.24394798278809,763700,0.0,0,0.001661148174356697,0.9571646182822069,25.53950834274292,26.332780657875947,24.746236027609893,25.252321847927032,26.047736378120305,27.0985217646492,27.0985217646492,23.59830474853516
2017-12-15,25.26906642396582,25.36953895378489,25.11835603225516,25.285812377929688,1616200,0.0,0,0.0016583933372917858,0.9587519737078576,25.49890031814575,26.25558160651817,24.74221902977333,25.252321847927032,26.001687194861766,27.215740708134376,27.0985217646492,23.513782501220703
2017-12-18,25.4030316253657,25.670960508913637,25.4030316253657,25.57048797607422,861700,0.0,0,0.011258313313793566,0.9695459038180786,25.480061531066895,26.209116751147533,24.751006310986256,25.19371131119005,26.001687194861766,27.00851409632334,27.0985217646492,23.2010555267334
2017-12-19,25.654217951269963,25.6960828429814,25.277443507761024,25.369543075561523,1379600,0.0,0,-0.007858469525521605,0.9619267568793299,25.45619926452637,26.1664783491748,24.74592017987794,25.20627247822393,26.001687194861766,27.00851409632334,27.0985217646492,22.89678001403809
2017-12-20,25.361169282747667,25.44489586424478,24.624363228508543,24.632736206054688,1266400,0.0,0,-0.02904296964719877,0.9339895472764552,25.38963565826416,26.145640843721768,24.633630472806555,25.16022303574497,25.922145745656966,27.104801180260566,27.0985217646492,22.71083068847656
2017-12-21,24.7080889454804,24.7332078756164,24.239213428482472,24.28944969177246,1017200,0.0,0,-0.01393619090508702,0.9209732906422547,25.310512733459472,26.173028437793537,24.447997029125407,24.967648135731935,25.608165093061295,27.121547861502144,27.0985217646492,23.074268341064453
2017-12-22,24.54063899096925,24.56575792764149,24.1806088835792,24.37318420410156,842000,0.0,0,0.0034473614425880594,0.9241482184540684,25.220924186706544,26.082031151607517,24.35981722180557,24.9383458632803,25.290001273567576,26.9813022842115,27.0985217646492,22.55023956298828
2017-12-26,24.339689060099115,24.50714542173766,24.297825768180587,24.465280532836918,377900,0.0,0,0.0037785924056594755,0.9276401978940226,25.139289569854736,25.960556357694195,24.318022782015277,24.9383458632803,25.264882341766626,26.882922089923866,27.0985217646492,22.719284057617188
2017-12-27,24.490403318318005,24.61599481081032,24.35643884672854,24.53226661682129,429700,0.0,0,0.0027380059629589226,0.9301800822873368,25.08361072540283,25.910994434484508,24.256227016321155,24.9383458632803,25.264882341766626,26.849431739415458,27.06921804334418,21.73883628845215
2017-12-28,24.55339051826729,24.806954905463844,24.4773213633196,24.77314567565918,476500,0.275,0,0.009818866825486161,0.939313396639036,25.043324851989745,25.848245756430106,24.238403947549383,24.9383458632803,25.264882341766626,26.832685114332506,27.065030169247258,21.772647857666016
2017-12-29,24.73934032672112,24.89992934668188,24.663271164797408,24.68017578125,443500,0.0,0,-0.0037528497844554476,0.935788294560923,25.007182025909422,25.80912856463782,24.205235487181024,24.9383458632803,25.264882341766626,26.771983641727942,27.027353288271964,21.992401123046875
2018-01-02,24.73088354199852,24.832307998129487,24.528033017623915,24.629457473754883,694000,0.0,0,-0.0020550221337422014,0.9338652289031035,24.964316749572752,25.75046715438213,24.178166344763376,24.9383458632803,25.264882341766626,26.771983641727942,27.027353288271964,21.755739212036133
2018-01-03,24.63791752967286,24.671726767092117,24.33364245346541,24.392807006835938,444600,0.0,0,-0.00960843198316974,0.9248922483697408,24.90292100906372,25.665621844395524,24.14022017373192,24.81275237391199,25.264882341766626,26.771983641727942,27.027353288271964,22.288227081298828
2018-01-04,24.375892744624604,24.375892744624604,23.615202936877555,23.64055824279785,720900,0.0,0,-0.03083895854328178,0.8963695346652637,24.837403774261475,25.778727352703818,23.89608019581913,24.25756614177972,24.919384569723757,26.755237638365024,27.027353288271964,21.56134796142578
2018-01-05,23.682825785742253,23.85186711254184,23.66592116942841,23.78425025939941,595600,0.0,0,0.0060781989632303635,0.9018178470415373,24.78535089492798,25.833853980874178,23.736847808981782,24.25756614177972,24.70169225963258,26.6275535007125,26.96037202691076,21.552888870239254
2018-01-08,23.733535275704845,23.90257819505272,23.733535275704845,23.792699813842773,536500,0.0,0,0.00035525838953121003,0.9021382253975279,24.714881706237794,25.829956959693572,23.599806452782015,24.25756614177972,24.70169225963258,26.416141429599275,26.893390729318575,21.25706672668457
2018-01-09,23.77579561315474,23.77579561315474,23.5729450736756,23.60675430297852,578200,0.0,0,-0.007815233761578777,0.8950878042807904,24.630091285705568,25.810247289595132,23.449935281816003,24.236437210178742,24.680563328031603,26.30729357180859,26.797102337428367,21.688127517700195
2018-01-10,23.49687675097715,23.51378136622655,23.21795704781341,23.37854766845703,567300,0.0,0,-0.009667005959082431,0.886434985142906,24.538914489746094,25.80765470828866,23.27017427120353,24.058943197247643,24.503069315100504,26.30729357180859,26.797102337428367,21.907882690429688
2018-01-11,23.43771122416725,23.61520645259664,23.36164207085648,23.496875762939453,444200,0.0,0,0.005061396292040499,0.8909215838898432,24.4570032119751,25.772393081254243,23.141613342695955,24.058943197247643,24.503069315100504,26.294732573078953,26.78454133869873,21.781099319458008
2018-01-12,23.5053281700295,23.53068509194503,22.905228860376933,22.94748878479004,761800,0.0,0,-0.023381277736333694,0.8700906988956205,24.344273471832274,25.76811805478374,22.920428888880807,23.86876842925321,24.300655851679167,25.92842583266163,26.625461210092446,21.59515190124512
2018-01-16,23.006655663172943,23.41235839451016,22.98975265895664,23.2010555267334,590800,0.0,0,0.011049868868938217,0.8797050870224999,24.24212884902954,25.6863374095848,22.79792028847428,23.788477813734524,24.300655851679167,25.857255310030673,26.55429068746149,21.688127517700195
2018-01-17,23.243314681649696,23.58139893641475,23.12498559551015,23.55604362487793,1003400,0.0,0,0.015300515001806625,0.8931650279036533,24.155640411376954,25.54503704661399,22.766243776139916,23.64056080250077,24.300655851679167,25.815391110518995,26.51242648794981,22.000850677490234
2018-01-18,23.522234019433828,23.539138634931582,23.133437535662576,23.20950508117676,756100,0.0,0,-0.014711237133861577,0.8800254653784906,24.03759126663208,25.322240301441166,22.752942231822995,23.403903527714824,24.300655851679167,25.783993711172972,26.51242648794981,21.91633033752441
2018-01-19,23.209502708547248,23.37854562201841,23.167242786235807,23.3447380065918,472800,0.0,0,0.005826618229990421,0.8851530377979206,23.936351013183593,25.09705454044877,22.775647485918416,23.403903527714824,24.300655851679167,25.6625878640097,26.51242648794981,21.409202575683597
2018-01-22,23.23486739189992,23.5137871638347,23.23486739189992,23.505334854125977,493300,0.0,0,0.006879359600815871,0.8912423238466871,23.879980945587157,25.008649485421557,22.751312405752756,23.34051223676584,24.300655851679167,25.6625878640097,26.51242648794981,21.096473693847656
2018-01-23,23.522231158026983,23.6236572265625,23.344737553230665,23.6236572265625,552800,0.0,0,0.005033851811549583,0.8957287056331125,23.84669132232666,24.964186531882685,22.729196112770634,23.26444304346972,24.300655851679167,25.6625878640097,26.51242648794981,21.28242492675781
2018-01-24,23.6067570568469,23.632112369669148,23.39545418539229,23.59830474853516,431300,0.0,0,-0.0010731817594624715,0.8947674259248001,23.80794734954834,24.903006173310153,22.712888525786525,23.26867061502304,24.300655851679167,25.65002911302367,26.51242648794981,21.392303466796875
2018-01-25,23.665920821583235,23.90258061015972,23.4630702651375,23.513782501220703,562700,0.0,0,-0.0035817084411414735,0.8915626298825068,23.76037244796753,24.818736212537967,22.702008683397093,23.403904735268327,24.300655851679167,25.627004521394397,26.51242648794981,21.806455612182617
2018-01-26,23.539139792753623,23.64056426650322,23.091177132706235,23.2010555267334,342800,0.0,0,-0.013299730678000055,0.8797050870225,23.693811893463135,24.716065287260466,22.671558499665803,23.446166634558182,24.300655851679167,25.597699253025908,26.51242648794981,21.831809997558597
2018-01-29,23.1587951316524,23.21795967961889,22.8376154660716,22.89678001403809,410600,0.0,0,-0.013114727144405425,0.8681679948386546,23.59999361038208,24.54989308079128,22.65009413997288,23.37009803811566,24.14125566515819,25.603979836542848,26.51242648794981,22.017757415771484
2018-01-30,22.92213353532385,22.930584230538496,22.685473766494287,22.71083068847656,600200,0.0,0,-0.008121199812703983,0.8611174290815753,23.501526355743408,24.388679680964103,22.614373030522714,23.294027188327004,23.792701556588085,25.54118439070097,26.46637704547085,22.02620506286621
2018-01-31,22.78689636391928,23.10807756760513,22.48262138561641,23.074268341064453,926200,0.0,0,0.016002833959406937,0.8748977483187191,23.423766899108887,24.16015569075773,22.687378107460045,23.192600997888064,23.691275366149146,25.287906614396615,26.273802145457815,22.254413604736328
2018-02-01,23.09962662993165,23.23486031988347,22.49107502514845,22.55023956298828,1129200,0.0,0,-0.022710526302737732,0.8550283599933208,23.331638526916503,24.018925343386847,22.64435171044616,23.192600997888064,23.691275366149146,25.114173568423936,26.24449987300618,22.32203483581543
2018-02-02,22.355844472439887,22.90523161647992,22.195253838543792,22.719284057617188,728100,0.0,0,0.00749635027852924,0.8614379520779072,23.28557481765747,24.006895947573753,22.564253687741186,23.048917224351754,23.547591592612836,25.101614102523463,26.24449987300618,22.21215438842773
2018-02-05,22.609404597229435,22.81225513661085,21.53598574907073,21.73883628845215,1115500,0.0,0,-0.043154870843578386,0.8242627085162284,23.183304119110108,24.138001549410713,22.228606688809503,22.719283179615225,23.217957547876303,25.101614102523463,26.24449987300618,22.06001663208008
2018-02-06,21.45146659337652,21.91633387335069,21.206356103157336,21.772647857666016,1073400,0.0,0,0.0015553532289043215,0.8255447281813846,23.082301521301268,24.176584764242357,21.98801827836018,22.55446835665853,23.05314272491961,25.101614102523463,26.24449987300618,22.05156898498535
2018-02-07,21.688124501674604,22.085373281267323,21.688124501674604,21.992401123046875,1448900,0.0,0,0.010093088668748473,0.8338770243229372,23.001583862304688,24.165918094441214,21.837249630168163,22.423460184830276,23.019332050643413,25.101614102523463,26.24449987300618,22.09382438659668
2018-02-08,21.95013742898545,22.27977094045675,21.69657467749613,21.755739212036133,2508100,0.0,0,-0.01076107650486302,0.8249036098685506,22.92044343948364,24.19093290627045,21.64995397269683,22.220608211520403,22.93904143512473,25.101614102523463,26.24449987300618,22.000850677490234
2018-02-09,21.70503071801268,22.406556170734625,21.586701628576886,22.288227081298828,1687100,0.0,0,0.024475742426996128,0.8450937381507926,22.86001100540161,24.130053338470173,21.589968672333047,22.220608211520403,22.79112442389097,25.038817357839307,26.24449987300618,21.89097595214844
2018-02-12,22.313585764385127,22.38965493683193,21.07112530127589,21.56134796142578,1245000,0.0,0,-0.03261269356336294,0.8175329550361639,22.790703964233398,24.181039837213532,21.400368091253263,22.152992810579683,22.486852955717808,24.58847535575174,25.961796899655358,21.772647857666016
2018-02-13,21.46836741499225,21.66276563358149,20.94433729426365,21.552888870239254,1790900,0.0,0,-0.00039232663939470225,0.8172122150793201,22.708295631408692,24.185224027126925,21.23136723569046,22.08959880707356,22.423458952211686,24.47962920070615,25.961796899655358,21.6458683013916
2018-02-14,21.40075273146126,21.561343351414692,21.172545262913665,21.25706672668457,1172700,0.0,0,-0.013725405690889203,0.8059956458918062,22.593346786499023,24.145249271608357,21.04144430138969,21.924784455371785,22.423458952211686,24.47962920070615,25.961796899655358,21.25706672668457
2018-02-15,21.324686305433666,21.8233612322022,21.324686305433666,21.688127517700195,1789100,0.0,0,0.020278470052244035,0.8223400044592623,22.517277908325195,24.090147604959984,20.944408211690405,21.878296215437253,22.423458952211686,24.458500269105173,25.94066796805438,21.28242492675781
2018-02-16,21.747292050036123,22.043116404830677,21.747292050036123,21.907882690429688,1534100,0.0,0,0.010132510174063913,0.8306723729209855,22.44543514251709,23.99129929473411,20.899570990300074,21.67544673249914,22.423458952211686,24.281006256174074,25.763173955123285,21.214807510375977
2018-02-20,21.7303854720486,22.017757492250357,21.713482468358357,21.781099319458008,788000,0.0,0,-0.005787112007271444,0.8258651788575458,22.35922336578369,23.849773012227143,20.86867371934024,21.67544673249914,22.423458952211686,24.281006256174074,25.763173955123285,22.048015594482425
2018-02-21,21.78955175993823,21.95014077470646,21.578248897452028,21.59515190124512,839500,0.0,0,-0.008537099780210444,0.8188146854206376,22.25779809951782,23.66311642567175,20.852479773363893,21.67544673249914,22.423458952211686,24.084712140466188,25.19235663778297,22.073650360107425
2018-02-22,21.705032135041204,21.950142638033697,21.61205835177869,21.688127517700195,862300,0.0,0,0.004305393028965598,0.8223400044592623,22.162289237976076,23.443039731617052,20.8815387443351,21.67544673249914,22.423458952211686,24.044566832706845,25.19235663778297,21.885644912719727
2018-02-23,21.76419093358008,22.00930298392766,21.679669481318413,22.000850677490234,911400,0.0,0,0.01441909448083134,0.8341974026789276,22.08664264678955,23.20608233124565,20.96720296233345,21.66699611554779,22.423458952211686,23.97060832708997,25.19235663778297,22.458213806152344
2018-02-26,22.060016330027803,22.0769209437606,21.83180888097312,21.91633033752441,482600,0.0,0,-0.0038416850877633912,0.8309926789568051,22.022406387329102,23.01800758245121,21.026805192206993,21.510629119012126,22.423458952211686,23.852279689696996,25.19235663778297,22.654766082763672
2018-02-27,21.92478199446144,22.02620644962625,21.409202575683597,21.409202575683597,957200,0.0,0,-0.02313926437641456,0.8117641196635585,21.948027515411376,22.891583514014474,21.004471516808277,21.624733103337135,22.423458952211686,23.852279689696996,25.1672372535476,22.70604133605957
2018-02-28,21.485271737880385,21.578245498605902,21.096473693847656,21.096473693847656,1003200,0.0,0,-0.014607217654670435,0.799906504483381,21.867309665679933,22.812254042954404,20.922365288405462,21.586697318804127,22.423458952211686,23.820584044222503,25.1672372535476,22.894046783447266
2018-03-01,21.02886052022691,21.527535413080127,20.995052899957216,21.28242492675781,1049000,0.0,0,0.008814327721716975,0.8069571425606306,21.777717494964598,22.574642225709805,20.98079276421939,21.535986921858907,22.423458952211686,23.782549447574443,25.1672372535476,22.78295135498047
2018-03-02,21.20635750974148,21.42611270195953,20.93589007689252,21.392303466796875,942600,0.0,0,0.005162876900409952,0.8111233629515776,21.71982069015503,22.448451861767538,20.99118951854252,21.50640551032656,22.41923534352612,23.784663233351104,25.14211975157554,22.82567596435547
2018-03-05,21.316233016625425,21.865621770155645,21.316233016625425,21.806455612182617,865100,0.0,0,0.019359866787068913,0.8268266032061995,21.6741792678833,22.241651411012295,21.106707124754305,21.50640551032656,22.28822717169787,23.852280293473747,25.096070568317003,22.902587890625
2018-03-06,21.798002380476607,21.91633145843273,21.49372576617483,21.831809997558597,691100,0.0,0,0.001162700891281787,0.8277879552346828,21.678827953338622,22.24989351771355,21.107762388963696,21.50640551032656,22.085375198387993,23.873411243118674,25.096070568317003,22.71458625793457
2018-03-07,21.764194628056757,22.12763580599732,21.71348239293639,22.017757415771484,671000,0.0,0,0.008517269902664104,0.8348384486715911,21.691083431243896,22.28011225542128,21.102054607066513,21.531762941444917,22.085375198387993,23.755676851636927,25.062263871164333,22.74022102355957
2018-03-08,22.093821899423176,22.093821899423176,21.80644994102794,22.02620506286621,627200,0.0,0,0.0003836742741418764,0.8351587547074109,21.692773628234864,22.285473670034488,21.10007358643524,21.531762941444917,22.085375198387993,23.543364372457546,24.95270101464984,23.08205223083496
2018-03-09,22.152987538767707,22.262865911243097,21.86561717810065,22.254413604736328,795700,0.0,0,0.010360774414783336,0.8438116461654657,21.717707347869872,22.359389730456748,21.076024965282997,21.599377994067808,22.085375198387993,23.441938182018603,24.729869071628265,23.33842086791992
2018-03-12,22.203705745668483,22.389651689058397,22.060019731013067,22.32203483581543,695700,0.0,0,0.0030385537125412476,0.8463756131756073,21.719397735595702,22.367298559977165,21.07149691121424,21.662770882975458,21.92056084668622,23.441938182018603,24.441007524586183,23.270057678222656
2018-03-13,22.381195687583777,22.457264836443432,22.13608523956808,22.21215438842773,1041400,0.0,0,-0.004922510344415265,0.8422093204644895,21.7519380569458,22.42982922076273,21.07404689312887,21.696577456667974,21.874072606751685,23.298254408482293,24.27220481924892,23.08205223083496
2018-03-14,22.237510242366664,22.347388621021643,21.941685946442966,22.06001663208008,816200,0.0,0,-0.0068493021292392875,0.8364407743725669,21.777294445037843,22.461484415718026,21.09310447435766,21.696577456667974,21.696577456667974,22.968620363745764,23.94257077451239,22.902587890625
2018-03-15,22.026212058680592,22.136090460554826,21.89097834261466,22.05156898498535,898700,0.0,0,-0.0003829392894675321,0.836120468336747,21.817019557952882,22.466807644280795,21.16723147162497,21.88674892653443,21.696577456667974,22.80380554078907,23.777755951555694,22.80003929138184
2018-03-16,22.068469077603837,22.27977191714546,22.01775523539268,22.09382438659668,2134600,0.0,0,0.0019162083949717523,0.8377226493973816,21.837304401397706,22.495098879784308,21.179509923011103,21.97549530130913,21.696577456667974,22.721396117736845,23.777755951555694,22.9282283782959
2018-03-19,22.060015210439616,22.060015210439616,21.72193101350556,22.000850677490234,741300,0.0,0,-0.004208131081319233,0.8341974026789274,21.841952800750732,22.503017905965063,21.180887695536402,22.08537361468991,21.696577456667974,22.579824823322568,23.777755951555694,23.02223396301269
2018-03-20,22.026209653447022,22.12763573547741,21.73038532731403,21.89097595214844,837800,0.0,0,-0.004994112589210453,0.8300313269283219,21.847446632385253,22.50822057369749,21.186672691073017,22.0895979249745,21.696577456667974,22.50586631770569,23.777755951555694,23.21023750305176
2018-03-21,21.823360094933268,21.85716932785341,21.544440371793947,21.772647857666016,866800,0.0,0,-0.005405336643787839,0.8255447281813845,21.8563214302063,22.507907981265813,21.204734879146788,22.00085260411869,21.696577456667974,22.319922883148745,23.647345751922927,23.56916046142578
2018-03-22,21.671223616127527,22.220612413064583,21.628963683492252,21.6458683013916,1298900,0.0,0,-0.0058228818609114,0.8207376787582861,21.85420846939087,22.508259139855316,21.200157798926423,22.00085260411869,21.696577456667974,22.256528879642623,23.366259438325628,23.509340286254883
2018-03-23,21.6458648151856,21.68812474101464,21.197902185678785,21.25706672668457,1372100,0.0,0,-0.01796193016114933,0.805995645891806,21.817019271850587,22.516975036592026,21.117063507109147,21.827583511061107,21.696577456667974,22.174121703791734,23.366259438325628,23.65461540222168
2018-03-26,21.42611094015811,21.46837086852346,20.94434066349621,21.28242492675781,850500,0.0,0,0.0011929303510820333,0.8069571425606302,21.785324001312254,22.521303311250584,21.049344691373925,21.64586464225893,21.696577456667974,22.150877583824467,23.366259438325628,23.364059448242188
2018-03-27,21.324684288473957,21.502179529540392,20.749940250145123,21.214807510375977,3105400,0.0,0,-0.0031771481217264252,0.80439332019083,21.775604248046875,22.53619005646867,21.01501843962508,21.51485608364529,21.60360254329428,22.049452842355414,23.366259438325628,23.637529373168945
2018-03-28,21.347264951320195,22.073653409465575,21.338719012992478,22.048015594482425,1025400,0.275,0,0.03927483592292469,0.8359857358588214,21.823181343078613,22.52395798973442,21.122404696422805,21.51485608364529,21.60360254329428,22.049452842355414,23.366259438325628,23.876806259155277
2018-03-29,22.08219629725456,22.167654038755146,21.85146088419425,22.073650360107425,935300,0.0,0,0.0011626790408936216,0.8369577189523905,21.862742614746093,22.524799680212787,21.2006855492794,21.48527633160485,21.60360254329428,22.049452842355414,23.320210068622526,23.96226501464844
2018-04-02,22.013830711624784,22.09928845421845,21.654909496708097,21.885644912719727,949900,0.0,0,-0.008517188789375352,0.829829192051348,21.887409687042236,22.512883867068762,21.26193550701571,21.48527633160485,21.60360254329428,22.049452842355414,23.320210068622526,23.79989242553711
2018-04-03,21.94546888610873,22.594945567501156,21.78309930826784,22.458213806152344,1292400,0.0,0,0.026161846987650117,0.8515390563996806,21.91999759674072,22.591916739892145,21.248078453589297,21.67244290882314,21.67244290882314,22.04522753387974,23.320210068622526,23.92807960510254
2018-04-04,22.31293667073955,22.697494148027484,22.218932971193716,22.654766082763672,1177200,0.0,0,0.008751910472839297,0.8589916499854167,21.961145401000977,22.704257234305043,21.21803356769691,21.723717199086302,21.723717199086302,21.967044035611906,23.320210068622526,23.99644470214844
2018-04-05,22.71458727557666,22.800045040776244,22.389849723783797,22.70604133605957,803500,0.0,0,0.0022633318352780485,0.8609358331330667,21.99555959701538,22.807327328945206,21.183791865085553,21.774992645460685,21.774992645460685,22.024096027774412,23.320210068622526,23.76571083068848
2018-04-06,22.714585328911056,23.09914442436639,22.67185726495876,22.894046783447266,1815900,0.0,0,0.008279974681853597,0.868064360034109,22.038951683044434,22.94138527304712,21.136518093041747,21.924542337255758,21.924542337255758,22.005078135507908,23.320210068622526,23.671707153320312
2018-04-09,22.90259123878928,22.94532093298612,22.646219593492923,22.78295135498047,1230400,0.0,0,-0.0048525902614613425,0.8638519993742858,22.06537857055664,23.021461685777716,21.109295455335563,21.924542337255758,21.924542337255758,21.979722937035298,23.320210068622526,23.073505401611328
2018-04-10,22.885497527176565,22.885497527176565,22.663308040896684,22.82567596435547,1077600,0.0,0,0.0018752886186390594,0.865471971196901,22.090560626983642,23.09807636012175,21.083044893845535,22.218931718679436,21.924542337255758,21.96282042692634,23.31598645993696,22.868408203125
2018-04-11,22.74876590391736,23.03077532450443,22.58639634964876,22.902587890625,853000,0.0,0,0.0033695355348790645,0.8683882097582908,22.125082302093507,23.19307142704355,21.057093177143464,22.377026960537243,21.924542337255758,21.897316341012214,23.31598645993696,22.74022102355957
2018-04-12,22.953867663779043,22.953867663779043,22.509488608626977,22.71458625793457,1386400,0.0,0,-0.008208750626272576,0.8612598274975897,22.157810783386232,23.255844085181863,21.0597774815906,22.377026960537243,21.924542337255758,21.795890354357276,23.31598645993696,22.78295135498047
2018-04-13,22.72312914758489,22.782949083525263,22.569305523754792,22.74022102355957,1211400,0.0,0,0.001128559654748118,0.8622318105911587,22.192243385314942,23.31793589753903,21.066550873090854,22.441121866317115,21.924542337255758,21.808569069916455,23.190392970568652,23.08205223083496
2018-04-16,22.791496836017384,23.141872171537788,22.654765077276306,23.08205223083496,1148100,0.0,0,0.015032009008234537,0.8751928869351514,22.241654777526854,23.43137651127095,21.051933043782757,22.680402571365754,21.945906210841457,21.808569069916455,22.9179097117872,23.278602600097656
2018-04-17,23.193143189204683,23.49224448420323,23.073503323193638,23.33842086791992,830600,0.0,0,0.011106838963932164,0.8849135133927191,22.30853328704834,23.5847932927024,21.032273281394282,22.94104710399351,22.121092367174178,21.8423765962279,22.9179097117872,23.62898063659668
2018-04-18,23.346969495225096,23.44951912788539,23.20169179977283,23.270057678222656,688000,0.0,0,-0.0029292123097853784,0.8823214138361937,22.37748737335205,23.704623473191294,21.050351273512806,23.000866546415104,22.121092367174178,21.79166586483084,22.9179097117872,23.50079345703125
2018-04-19,23.278603930278862,23.312787684949704,22.774404958681966,23.08205223083496,969000,0.0,0,-0.008079285835360883,0.8751928869351513,22.442957592010497,23.77350604860162,21.112409135419373,23.000866546415104,22.121092367174178,21.78532503170983,22.9179097117872,23.740074157714844
2018-04-20,23.09059525766367,23.150415190822905,22.825676082285717,22.902587890625,991800,0.0,0,-0.0077750599649981655,0.8683882097582907,22.505793571472168,23.797554406726405,21.21403273621793,23.000866546415104,22.121092367174178,21.696577456667974,22.9179097117872,23.54352188110352
2018-04-23,22.91967915450937,22.93677102923356,22.577849809880064,22.80003929138184,589500,0.0,0,-0.004477598764510704,0.8644999157831613,22.58294219970703,23.74346174790473,21.422422651509333,23.000866546415104,22.121092367174178,21.791663191601202,22.9179097117872,23.94517135620117
2018-04-24,22.791496620845688,23.005140195608032,22.577853046083344,22.9282283782959,1190900,0.0,0,0.005622318684446848,0.8693604098123717,22.665232372283935,23.6660099480763,21.66445479649157,23.000866546415104,22.121092367174178,21.836036378988553,22.884099037511003,23.842618942260746
2018-04-25,22.89404813362487,23.09914578663964,22.78295255284317,23.02223396301269,635600,0.0,0,0.004099993386570633,0.8729247817431488,22.75560369491577,23.50988930276885,22.00131808706269,23.03077500397901,22.121092367174178,21.89097553567894,22.80380842199232,23.235877990722656
2018-04-26,22.95386586895644,23.39824325939025,22.91113617662649,23.21023750305176,713800,0.0,0,0.00816617276764342,0.8800532363240208,22.81371479034424,23.517880837963887,22.10954874272459,23.035047147041645,22.121092367174178,21.893087690821236,22.655891410758564,23.38969993591309
2018-04-27,23.27860505259979,23.808441865744605,23.27860505259979,23.56916046142578,1699600,0.0,0,0.015463993348918903,0.89366237371723,22.888490295410158,23.579786468412788,22.197194122407527,23.193145837812335,22.279191057944864,21.848715030393333,22.41923534352612,23.56916046142578
2018-04-30,23.628980172250145,23.87680751320742,23.492248408263787,23.509340286254883,995300,0.0,0,-0.002538069833620149,0.8913941962050569,22.969675064086914,23.5404912156198,22.39885891255403,23.227328661543744,22.31337388167627,21.848715030393333,22.41923534352612,23.57770538330078
2018-05-01,23.50933771512824,23.7828012131933,23.46660802482369,23.65461540222168,611300,0.0,0,0.006179463744958147,0.8969025343229722,23.02949514389038,23.623906759978638,22.43508352780212,23.227328661543744,22.31337388167627,21.76208048386454,22.41923534352612,23.62043571472168
2018-05-02,23.58624894239904,23.680250998794303,23.082050019114448,23.364059448242188,1007400,0.0,0,-0.012283266882124111,0.8858856411266296,23.064959812164307,23.65017689029463,22.479742734033984,23.227328661543744,22.31337388167627,21.67122104946345,22.41923534352612,23.722984313964844
2018-05-03,23.29569991603139,23.67171313386841,23.22733402460388,23.637529373168945,749900,0.0,0,0.011704726463847903,0.8962546902342673,23.111534214019777,23.7230452625562,22.500023165483352,23.227328661543744,22.607763263099947,21.559229313469785,22.326260430152423,23.56061172485352
2018-05-04,23.65461674685443,23.94517213755776,23.62043299266763,23.876806259155277,343900,0.0,0,0.010122753618148295,0.9053272556426186,23.160672187805176,23.848442974971718,22.472901400638634,23.26151259182055,22.800040817132928,21.559229313469785,22.326260430152423,23.714435577392575
2018-05-07,23.96226501464844,24.02208495700064,23.688799859655106,23.96226501464844,673300,0.0,0,0.0035791535335842894,0.908567560888702,23.219637870788574,23.967995185852494,22.471280555724654,23.402518754921907,22.83849722685437,21.544439437449565,22.326260430152423,23.201690673828125
2018-05-08,23.96226198422389,23.97935222989804,23.697342801637305,23.79989242553711,459000,0.0,0,-0.006776178671426547,0.902410944761058,23.268348693847656,24.0345986737882,22.502098713907113,23.466610566813564,22.90259213263424,21.544439437449565,22.326260430152423,23.406787872314453
2018-05-09,23.79134785204249,23.987899543319923,23.722981975512475,23.92807960510254,504600,0.0,0,0.0053860402926815265,0.9072713664700979,23.319623279571534,24.118034453305555,22.521212105837513,23.552067488057546,23.120508964097176,21.67244290882314,22.326260430152423,23.44097137451172
2018-05-10,24.030628454288586,24.15026832683705,23.936624765874203,23.99644470214844,647700,0.0,0,0.0028571075562338066,0.9098635383467941,23.383716201782228,24.183374795560304,22.58405760800415,23.61615917297575,23.270059025310424,21.723717199086302,22.326260430152423,23.483699798583984
2018-05-11,24.04772028453805,24.18445204216384,23.740074644865597,23.76571083068848,843600,0.0,0,-0.009615335701763428,0.9011148949827954,23.434990692138673,24.193015807236318,22.676965577041027,23.633251030639144,23.34697032539541,21.774992645460685,22.326260430152423,23.58625221252441
2018-05-14,23.78280108758336,23.902440959862183,23.59479534114935,23.671707153320312,957700,0.0,0,-0.0039554330201974075,0.8975505953721887,23.46447343826294,24.210952413972297,22.71799446255358,23.633251030639144,23.34697032539541,21.924542337255758,22.326260430152423,24.030630111694336
2018-05-15,23.53497629202967,23.603342168761525,22.93677364814761,23.073505401611328,944500,0.0,0,-0.025270748232667173,0.8748688202504576,23.45122766494751,24.215566995606615,22.686888334288405,23.560612845155724,23.34697032539541,21.924542337255758,22.326260430152423,23.96226501464844
2018-05-16,23.11623389971728,23.15896359221326,22.782950448104145,22.868408203125,567600,0.0,0,-0.008888861701612294,0.8670922323001986,23.431145191192627,24.234031717475514,22.62825866490974,23.483701245133993,23.34697032539541,22.071737027967597,22.326260430152423,24.372459411621094
2018-05-17,22.89404464738967,23.0991422691728,22.68894539563553,22.74022102355957,806400,0.0,0,-0.005605426421761761,0.8622318105911587,23.414053630828857,24.25982306693945,22.568284194718263,23.436698718899684,23.34697032539541,22.1507846488965,22.19525225832417,24.355365753173828
2018-05-18,22.80858917149857,22.90259123878928,22.60349152926725,22.78295135498047,611900,0.0,0,0.0018790640326946662,0.8638519993742858,23.40807180404663,24.2699413443274,22.546202263765863,23.393971785715543,23.376878782959317,22.1507846488965,21.9924002850143,24.475006103515625
2018-05-21,22.928228594758465,23.201692112240615,22.723130956646845,23.08205223083496,494100,0.0,0,0.013128276104101388,0.8751928869351514,23.422172451019286,24.252085332179032,22.59225956985954,23.393971785715543,23.381150926021952,22.18283210178644,21.9924002850143,24.372459411621094
2018-05-22,23.04786715916755,23.381152228279163,23.01368503642108,23.278602600097656,506500,0.0,0,0.008515290031279266,0.8826454082007168,23.439691162109376,24.241159553148,22.63822277107075,23.393971785715543,23.381150926021952,22.313154391103605,21.9924002850143,24.894508361816406
2018-05-23,23.355517103249976,23.765712403270037,23.17605727073041,23.62898063659668,544100,0.0,0,0.015051506420645344,0.895930551229403,23.470028495788576,24.251462275725455,22.688594715851696,23.393971785715543,23.381150926021952,22.531069735583845,22.121092367174178,25.015316009521484
2018-05-24,23.663163031853568,23.663163031853568,23.38115357556804,23.50079345703125,372100,0.0,0,-0.005424998290738503,0.8910701295203631,23.48455629348755,24.256780748591854,22.712331838383246,23.252966244564718,23.381150926021952,22.56097945679464,22.121092367174178,24.87725067138672
2018-05-25,23.55206677235899,23.74862009613748,23.36406101697423,23.740074157714844,464200,0.0,0,0.010181813695826714,0.9001428395690556,23.493101978302,24.272710133990856,22.713493822613145,23.184601966268644,23.381150926021952,22.56097945679464,22.121092367174178,25.07571792602539
2018-05-29,23.65461745556802,23.782803277666844,23.47515600065273,23.54352188110352,925200,0.0,0,-0.008279345519544234,0.8926902459833197,23.494811058044437,24.27470704480589,22.714915071282984,23.193147403467044,23.381150926021952,22.56097945679464,22.121092367174178,25.51579475402832
2018-05-30,23.569158222271675,24.03917341720525,23.552066345736,23.94517135620117,1108200,0.0,0,0.017059872228378126,0.9079194275193145,23.509338855743408,24.31135496504186,22.707322746444955,23.32133247323625,23.381152544123594,22.56097945679464,22.121092367174178,25.8005485534668
2018-05-31,23.910984810447587,23.98789661590414,23.722979080426487,23.842618942260746,1451300,0.0,0,-0.00428280142225268,0.9040309889038439,23.53326683044434,24.345119935350535,22.721413725538145,23.32133247323625,23.393971785715543,22.56097945679464,22.121092367174178,25.75740623474121
2018-06-01,23.825533142950174,23.953720604711304,23.218786111825,23.235877990722656,1708300,0.0,0,-0.025447747707893265,0.8810254363781016,23.513184261322024,24.33364650298407,22.69272201965998,23.381152186926048,23.393971785715543,22.575933685576594,22.121092367174178,25.77466583251953
2018-06-04,23.321334055277145,23.458065816549023,23.21023848051177,23.38969993591309,1235200,0.0,0,0.006620018630320246,0.8868578411807106,23.488828945159916,24.29325977815251,22.684398112167322,23.526429226813164,23.393971785715543,22.57806975710791,22.121092367174178,25.74877548217773
2018-06-05,23.415336817933056,23.77425810942568,23.304242869838983,23.56916046142578,1096700,0.0,0,0.0076726305170398135,0.8936623737172298,23.469173717498784,24.24475891644425,22.693588518553316,23.60761534396783,23.393971785715543,22.736168447878597,22.279191057944864,25.791919708251957
2018-06-06,23.569159444589744,23.646071263017927,23.509339503583632,23.57770538330078,523300,0.0,0,0.0003625467223995482,0.8939863680817528,23.458064365386967,24.22049501405557,22.695633716718365,23.624705948858512,23.393971785715543,22.770351271610007,22.31337388167627,25.5244197845459
2018-06-07,23.586253586566794,23.70589348006584,23.36406404866049,23.62043571472168,701100,0.0,0,0.0018123193383849934,0.8956065568648799,23.442682170867922,24.178214460687823,22.70714988104802,23.624705948858512,23.393971785715543,22.770351271610007,22.31337388167627,25.317325592041016
2018-06-08,23.62898061323066,23.82553232388284,23.62898061323066,23.722984313964844,512300,0.0,0,0.00434152021925871,0.8994948508400095,23.429009151458743,24.131956975944227,22.72606132697326,23.624705948858512,23.393971785715543,22.770351271610007,22.31337388167627,25.015316009521484
2018-06-11,23.71443535008185,23.748619102341927,23.42387997575523,23.56061172485352,536500,0.0,0,-0.006844526260372019,0.8933382347123656,23.418754196166994,24.107441592202075,22.73006680013191,23.624705948858512,23.393971785715543,22.917545962321846,22.31337388167627,24.87725067138672
2018-06-12,23.54352007439593,23.791347390743965,23.51788388992616,23.714435577392575,556300,0.0,0,0.006528856480275014,0.8991707118351449,23.420890617370606,24.112997296140605,22.728783938600607,23.599067548207955,23.393971785715543,23.03077670447674,22.34755619385144,25.334585189819336
2018-06-13,23.757163613023035,23.799893303712512,23.15041667497179,23.201690673828125,615800,0.0,0,-0.021621636403324707,0.8797291696393267,23.427299880981444,24.10859346670846,22.74600629525443,23.552068639841547,23.393971785715543,23.120507990888136,22.38601260357288,25.17926597595215
2018-06-14,23.304239876472128,23.517883436109816,23.28714800050807,23.406787872314453,583200,0.0,0,0.008839752299502956,0.8875057575895857,23.454218864440918,24.085217974125552,22.823219754756284,23.487974499427317,23.393971785715543,23.184601349723902,22.38601260357288,25.12749290466309
2018-06-15,23.4495173124027,23.688797053466278,23.381151439245823,23.44097137451172,964600,0.0,0,0.0014604097915416059,0.888801879688019,23.489256381988525,24.027917992483033,22.950594771494018,23.487974499427317,23.393971785715543,23.33628822607736,22.38601260357288,25.101606369018555
2018-06-18,23.381151802242087,23.560611610825912,23.32133186604748,23.483699798583984,384200,0.0,0,0.0018228094471683942,0.8904219961509754,23.5242938041687,23.95363366804298,23.09495394029442,23.487974499427317,23.393971785715543,23.443109099143086,22.450104288491087,25.187891006469727
2018-06-19,23.406790752759267,23.680254281952628,23.406790752759267,23.58625221252441,862100,0.0,0,0.004366961544390424,0.894310434766446,23.549503803253174,23.927650801671838,23.17135680483451,23.487974499427317,23.32133247323625,23.490110678017277,22.467196146154482,25.06709098815918
2018-06-20,23.697345025225143,24.11608623799662,23.654616962074,24.030630111694336,696700,0.0,0,0.018840547246160577,0.9111597327653976,23.587105178833006,23.998496651563237,23.175713706102776,23.633251456484203,23.359788883631936,23.490110678017277,22.467196146154482,25.791919708251957
2018-06-21,24.03063089590398,24.141724841705035,23.82553162216618,23.96226501464844,1522200,0.0,0,-0.0028449148743970865,0.9085675608887017,23.603769397735597,24.04673958464158,23.160799210829616,23.64607075833841,23.372608185486143,23.453791585275567,22.467196146154482,25.446760177612305
2018-06-22,24.02208407924265,24.38100535021217,23.9109885075298,24.372459411621094,752600,0.0,0,0.017118348233019498,0.9241207367892197,23.647352695465088,24.200406002026025,23.09429938890415,23.76571101259198,23.49224843973971,23.415335785264702,22.467196146154482,25.66248893737793
2018-06-25,24.3980938130331,24.43227756489732,24.09899413407619,24.355365753173828,564200,0.0,0,-0.0007013513966143137,0.9234726034198323,23.678117275238037,24.311880987401576,23.0443535630745,23.791347119934557,23.517884547082282,23.391834522147548,22.467196146154482,25.92135238647461
2018-06-26,24.355366229592565,24.543371978610377,24.17590641870798,24.475006103515625,1040600,0.0,0,0.004912278943140391,0.9280089584441785,23.724691486358644,24.444148730422874,23.005234242294414,23.915259989559225,23.63325146762861,23.38542528433743,22.467196146154482,25.679746627807617
2018-06-27,24.526283046318195,24.663014803833143,24.32972971866572,24.372459411621094,1017700,0.0,0,-0.004189853578005942,0.9241207367892196,23.74605588912964,24.514680405700325,22.977431372558954,23.99217333494031,23.83834992012711,23.387561355868748,22.467196146154482,25.99901390075684
2018-06-28,24.35088386785552,24.95491071762523,24.35088386785552,24.894508361816406,929700,0.275,0,0.021419625380374674,0.9439150567774804,23.798650360107423,24.717556727381236,22.87974399283361,24.138121291836356,24.05266369629851,23.387561355868748,22.467196146154482,26.335542678833008
2018-06-29,24.79959234440401,25.187895599951847,24.696045906818554,25.015316009521484,960500,0.0,0,0.004852783029464236,0.9484956717462659,23.887622261047362,24.911164336346353,22.86408018574837,24.297343176355557,24.16915613746182,23.387561355868748,22.467196146154482,26.48223876953125
2018-07-02,25.12749088954826,25.12749088954826,24.428545094860315,24.87725067138672,739200,0.0,0,-0.005519232220860815,0.9432607038734169,23.961999797821044,25.04512355680927,22.878876038832818,24.421256281012923,24.16915613746182,23.317058585293335,22.467196146154482,26.387317657470703
2018-07-03,24.88588169660419,25.282812443350583,24.661528891375,25.07571792602539,493600,0.0,0,0.007977861270134001,0.9507859069104879,24.037327671051024,25.20771153195736,22.866943810144686,24.55417203275838,24.216614559161187,23.2828764461453,22.467196146154482,26.22336769104004
2018-07-05,25.101605713509883,25.52442389810257,24.9980576304598,25.51579475402832,766300,0.0,0,0.017549919380221768,0.967472122924618,24.134232139587404,25.449933887319624,22.818530391855184,24.717706202816185,24.33742028653718,23.2871491647445,22.467196146154482,25.835065841674805
2018-07-06,25.576195756986458,26.02490134994713,25.55893911559632,25.8005485534668,994300,0.0,0,0.01115990319656901,0.9782690181618359,24.24323778152466,25.723456650742726,22.763018912306592,25.06194774201166,24.58765901245946,23.351242508679924,22.467196146154482,25.679746627807617
2018-07-09,25.8350668867268,25.88684010610353,25.60208493077004,25.75740623474121,575600,0.0,0,-0.0016721473435413747,0.9766332082218477,24.344958877563478,25.944346814614654,22.7455709405123,25.100403884327555,24.58765901245946,23.357652129475895,22.467196146154482,25.86958122253418
2018-07-10,25.826439054526386,25.9040997104572,25.6366011640995,25.77466583251953,579600,0.0,0,0.000670082912115566,0.9772876334460818,24.455661582946778,26.128200231913556,22.78312293398,25.177315534306423,24.58765901245946,23.387561986320797,22.467196146154482,26.06804656982422
2018-07-11,25.714258907521963,25.852321914463328,25.627970762564257,25.74877548217773,532900,0.0,0,-0.001004488302972839,0.9763059594496453,24.557378578186036,26.28438488338118,22.830372272990893,25.187892608901322,24.58765901245946,23.460200506264353,22.467196146154482,26.145708084106445
2018-07-12,25.7574047792315,25.852322068418395,25.533051980155506,25.791919708251957,506700,0.0,0,0.0016755836060666773,0.9779418417098042,24.686890029907225,26.375462442539604,22.998317617274846,25.22672322240372,24.58765901245946,23.500793564841686,22.467196146154482,26.37869071960449
2018-07-13,25.84369148047511,25.886835548052257,25.5244197845459,25.5244197845459,354200,0.0,0,-0.010371462331300374,0.9677991547363085,24.7927716255188,26.410315797449645,23.175227453587954,25.22672322240372,24.58765901245946,23.509338867287028,22.467196146154482,26.37006187438965
2018-07-16,25.45538858490204,25.45538858490204,25.19652088474779,25.317325592041016,515800,0.0,0,-0.008113571013679599,0.9599468475673764,24.886589336395264,26.392250900168,23.380927772622528,25.343215120661064,24.58765901245946,23.509338867287028,22.467196146154482,26.18022346496582
2018-07-17,25.386360976858096,25.4208759074396,24.97217193483437,25.015316009521484,430500,0.0,0,-0.011928968619595137,0.9484956717462658,24.96317014694214,26.322847657869595,23.603492636014686,25.49853664239075,24.58765901245946,23.509338867287028,22.467196146154482,26.09393310546875
2018-07-18,24.98942624259792,25.041201102394595,24.71330024037884,24.87725067138672,237700,0.0,0,-0.005519232220860815,0.9432607038734168,25.027720069885255,26.23189392410506,23.823546215665452,25.369100795162986,24.58765901245946,23.509338867287028,22.76158552757816,26.09393310546875
2018-07-19,24.82547726008468,25.3949875465945,24.78233154393043,25.334585189819336,383800,0.0,0,0.018383643935325766,0.9606012727916104,25.092917823791502,26.211341059103933,23.97449458847907,25.30869997541802,24.58765901245946,23.49651966696175,22.91968076943597,26.214738845825195
2018-07-20,25.32595813126985,25.446762854764103,25.14474940018755,25.17926597595215,1156000,0.0,0,-0.006130718648182265,0.9547120966550393,25.15376787185669,26.143177230858477,24.164358512854903,25.30869997541802,24.6560246752276,23.473020212778543,22.91968076943597,26.197479248046875
2018-07-23,25.136120402813624,25.170636978779484,24.95491331651564,25.12749290466309,413700,0.0,0,-0.002056178736048353,0.952749037942849,25.19151954650879,26.113410088434424,24.269629004583155,25.300067894215548,24.673116607997304,23.44097314257143,22.98377567521584,26.697961807250977
2018-07-24,25.205152808931725,25.205152808931725,25.032574860462777,25.101606369018555,370700,0.0,0,-0.0010302076591067744,0.9517675085867537,25.228831577301026,26.06819182374695,24.389471330855102,25.300067894215548,24.673116607997304,23.44097314257143,23.20169250667878,26.43046188354492
2018-07-25,25.05845716017211,25.213776788224862,24.998053162448617,25.187891006469727,395500,0.0,0,0.003437414967898844,0.9550391284667297,25.26447582244873,26.029218976507558,24.499732668389903,25.300067894215548,24.715846051353196,23.44097314257143,23.28715088297382,26.35280036926269
2018-07-26,25.23967059070556,25.369104469694808,25.05846348928882,25.06709098815918,625800,0.0,0,-0.004795956052037753,0.9504588027786268,25.299207401275634,25.952622118090197,24.64579268446107,25.08434441264044,24.839759156010565,23.40465348633178,23.34697032539541,26.55990028381348
2018-07-27,25.55031026758617,26.06804572377906,24.98942744697574,25.791919708251957,1507400,0.0,0,0.02891554989109668,0.9779418417098042,25.34407796859741,26.003455638212046,24.684700298982776,25.39067298207895,24.946788672972623,23.49652017005807,23.34697032539541,25.98175430297852
2018-07-30,25.757402743448548,25.852320025133483,25.429501891545684,25.446760177612305,947200,0.0,0,-0.013382467631101513,0.9648545666680229,25.365650177001953,26.008437367040663,24.722862986963243,25.39067298207895,24.98951711565443,23.509339471912277,23.34697032539541,26.249252319335938
2018-07-31,25.394992033323977,25.86958347398497,25.3173313763662,25.66248893737793,1125400,0.0,0,0.008477651310417889,0.9730342672494988,25.404912090301515,26.018531166787266,24.791293013815764,25.425188633854745,25.083519928927625,23.628979726165845,23.445246979419572,26.48223876953125
2018-08-01,25.61070983002098,25.955867311724624,25.420871980703453,25.92135238647461,821000,0.0,0,0.010087230811024028,0.9828494884902802,25.447193813323974,26.080687421622187,24.81370020502576,25.51147952014735,25.121976071243523,23.65461583350842,23.47088308676215,26.22336769104004
2018-08-02,25.8436970826538,26.033533325321304,25.671117483253497,25.679746627807617,530300,0.0,0,-0.009320723512599494,0.9736886201535625,25.45539140701294,26.096504077341947,24.81427873668393,25.51147952014735,25.19888772122239,23.774255728593918,23.556338751182587,26.240625381469727
2018-08-03,25.679743816413016,26.007643044366244,25.636598098365976,25.99901390075684,583300,0.0,0,0.012432648872146679,0.9857941488787367,25.465314674377442,26.133365463358146,24.797263885396738,25.528736585377402,25.20946479581729,23.91526162753371,23.620432306856603,26.266515731811523
2018-08-06,26.07667332025549,26.49949146217391,26.033529250079635,26.335542678833008,818400,0.0,0,0.0129439054635212,0.9985541751483155,25.494221496582032,26.25499740939526,24.733445583768805,25.744459454574823,25.464018278517113,24.095392494067433,23.766380263752644,26.249252319335938
2018-08-07,26.55989942409793,26.55989942409793,26.34417574937737,26.48223876953125,845300,0.0,0,0.005570270280253142,1.0041163917933669,25.529600143432617,26.39861655492611,24.660583731939123,25.774663435536837,25.494222259479123,24.23324965690869,23.882872704915954,26.231996536254883
2018-08-08,26.499493234936736,26.516751522497938,26.26651293622407,26.387317657470703,321200,0.0,0,-0.0035843311015592016,1.0005173061806765,25.561527252197266,26.50497910571616,24.61807539867837,25.774663435536837,25.610714157736467,24.29520620923737,23.882872704915954,26.25788307189941
2018-08-09,26.395947278087885,26.430462207992903,26.20611104900799,26.22336769104004,223500,0.0,0,-0.006213210776436995,0.994300881271903,25.58309965133667,26.565979505155568,24.600219797517774,25.938615400232067,25.636599832238385,24.385393295959783,23.93033112661532,26.309659957885746
2018-08-10,26.180223366626056,26.249254871616305,25.83506584167481,25.835065841674805,380700,0.0,0,-0.014807474537220089,0.9795777962901338,25.598631954193117,26.587175035609672,24.61008887277656,25.938615400232067,25.636599832238385,24.527563244676685,24.051136853991316,26.344173431396484
2018-08-13,25.852324581366883,25.860953725921004,25.62797340632394,25.679746627807617,550200,0.0,0,-0.006011953475134613,0.9736886201535626,25.616753005981444,26.597171265854087,24.6363347461088,25.990385702400694,25.636599832238385,24.82480337723556,24.30137719801524,25.653858184814453
2018-08-14,25.731518210145225,26.15433639131652,25.71425992213637,25.86958122253418,560900,0.0,0,0.007392385815870872,0.9808865020982607,25.65946626663208,26.60478604201111,24.71414649125305,26.093936415210933,25.636599832238385,24.84403144839351,24.314196439607187,25.990388870239254
2018-08-15,25.80917883332615,26.145707219941823,25.80917883332615,26.06804656982422,644000,0.0,0,0.007671764980762941,0.9884116328151612,25.719006061553955,26.607451599112384,24.830560523995526,26.093936415210933,25.636599832238385,24.882487273382942,24.314196439607187,26.03353309631348
2018-08-16,26.01627421157938,26.240627025352083,25.99901592301817,26.145708084106445,613000,0.0,0,0.002979184269684687,0.9913562932036175,25.75956220626831,26.648166941282753,24.870957471253867,26.093936415210933,25.636599832238385,24.88777581068039,24.314196439607187,25.51579475402832
2018-08-17,26.16296704457228,26.430463940776736,26.119822967902248,26.37869071960449,653200,0.0,0,0.008910932331554156,1.0001902020488154,25.81953344345093,26.705248942332275,24.933817944569583,26.093936415210933,25.636599832238385,24.90719111743159,24.314196439607187,25.34321594238281
2018-08-20,26.41320759739039,26.60304384107052,26.34417608643025,26.37006187438965,464300,0.0,0,-0.0003271142342340383,0.9998630255967837,25.881661891937256,26.738009040525203,25.02531474334931,26.11550862369723,25.65817204072468,24.90719111743159,24.314196439607187,24.92902565002441
2018-08-21,26.292399043806,26.34417390712384,26.145706889420588,26.18022346496582,411200,0.0,0,-0.007199012665502935,0.9926649990117444,25.93559274673462,26.720807563255374,25.150377930213867,26.11550862369723,25.65817204072468,24.965437066560263,24.314196439607187,25.17731094360352
2018-08-22,26.102562249167725,26.23199611297063,26.050789032814738,26.09393310546875,473000,0.0,0,-0.0032960130998325177,0.9893931621712565,25.98089485168457,26.68821155834307,25.27357814502607,26.11550862369723,25.65817204072468,25.043097827425107,24.314196439607187,25.987518310546875
2018-08-23,26.0766748180708,26.37005912047251,25.955870097966866,26.09393310546875,710700,0.0,0,0.0,0.9893931621712565,26.032236957550047,26.600906597553067,25.463567317547028,26.11550862369723,25.692687692500474,24.978379903811224,24.314196439607187,25.813282012939453
2018-08-24,26.016273470547265,26.266513710034083,26.016273470547265,26.214738845825195,442400,0.0,0,0.0046296485803103415,0.9939737048198715,26.05337791442871,26.616081403926586,25.490674424930837,26.158651881603447,25.77897857879308,24.94817949393874,24.314196439607187,25.56063461303711
2018-08-27,26.257881603635163,26.326913102284745,26.01627053544126,26.197479248046875,535500,0.0,0,-0.0006583928941588102,0.9933192795956374,26.09091386795044,26.581559894256408,25.600267841644474,26.206111337198337,25.77897857879308,24.98236232532281,24.314196439607187,25.30799102783203
2018-08-28,26.197482959674115,26.706590951534835,26.1802246711064,26.697961807250977,728200,0.0,0,0.019104225809871256,1.012295875414331,26.14268751144409,26.659689371912602,25.62568565097558,26.33123052475085,25.848009199255287,24.986592251106426,24.314196439607187,24.994365692138672
2018-08-29,26.758362765742486,26.758362765742486,26.43046188354492,26.43046188354492,669900,0.0,0,-0.010019488590076842,1.0021531884408352,26.168142986297607,26.689208868056646,25.647077104538567,26.357116431854678,25.873895106359114,24.986592251106426,24.314196439607187,25.133760452270508
2018-08-30,26.473605079695695,26.473605079695695,26.249252299005303,26.35280036926269,376200,0.0,0,-0.0029383336025079476,0.999208528052379,26.201795673370363,26.676765059039017,25.72682628770171,26.357116431854678,25.873895106359114,25.00795697278437,24.314196439607187,25.31670188903809
2018-08-31,26.387320680114403,26.56852942858254,26.240628510722512,26.55990028381348,537700,0.0,0,0.007858744104946913,1.0070610521818233,26.229839992523193,26.719768537100226,25.73991144794616,26.357116431854678,25.873895106359114,24.962051784325503,24.314196439607187,25.133760452270508
2018-09-04,26.508118836531832,26.63755433010395,25.9299794472134,25.98175430297852,685600,0.0,0,-0.021767626182968125,0.9851397236545028,26.21215057373047,26.71109906393252,25.71320208352842,26.344171106477944,26.037847071054344,25.168730827525785,24.335768626523155,24.86368560791016
2018-09-05,25.94723889717877,26.39594445890709,25.92998061114905,26.249252319335938,648100,0.0,0,0.010295610267038624,0.9952823383078276,26.200501251220704,26.68416425855734,25.716838243884066,26.344171106477944,26.037847071054344,25.190095048866688,24.335768626523155,23.86181640625
2018-09-06,26.318288315908138,26.55989942409793,26.266515094810693,26.48223876953125,725600,0.0,0,0.008875927106833714,1.0041163917933669,26.20524730682373,26.698026495033947,25.71246811861351,26.344171106477944,26.08961737322297,25.254354281391187,24.335768626523155,23.870534896850582
2018-09-07,26.395947278087885,26.49086621554829,26.18022361719854,26.22336769104004,456700,0.0,0,-0.009775271673369668,0.994300881271903,26.20524730682373,26.698026495033947,25.71246811861351,26.344171106477944,26.19316808603321,25.316727795695435,24.335768626523155,23.95764923095703
2018-09-10,26.37005924588821,26.456349037447502,26.22336709398969,26.240625381469727,592300,0.0,0,0.000658103514125763,0.9949552341759663,26.225525283813475,26.687818158942704,25.763232408684246,26.344171106477944,26.19316808603321,25.35518362068487,24.395588340212953,24.523923873901367
2018-09-11,26.16296764126441,26.3873204659156,26.102565274212377,26.266515731811523,348800,0.0,0,0.0009866514218095368,0.9959369081724029,26.254863739013672,26.64260939903665,25.867118078990693,26.344171106477944,26.19316808603321,25.369100690597346,24.540865380100072,24.410669326782227
2018-09-12,26.2923963885695,26.41320274493681,26.162962535028072,26.249252319335938,422200,0.0,0,-0.0006572402922355725,0.9952823383078274,26.27384729385376,26.618640342862676,25.929054244844842,26.283766888658675,26.19316808603321,25.60423886654597,24.82495406857285,24.489076614379883
2018-09-13,26.413205265175662,26.413205265175662,26.17159417522825,26.231996536254883,351300,0.0,0,-0.0006573818892487981,0.9946280577239347,26.28204479217529,26.614311431640864,25.94977815270972,26.283766888658675,26.19316808603321,25.63444284750798,24.85515804953486,24.61975860595703
2018-09-14,26.14570585167076,26.292398000233803,25.826435769754085,26.25788307189941,524200,0.0,0,0.0009868305528613064,0.9956095870800298,26.287653541564943,26.614201714055614,25.96110536907427,26.23199504992902,26.19316808603321,25.692688796636652,24.85515804953486,24.31484031677246
2018-09-17,26.24925759049296,26.395949759521606,26.171596933604786,26.309659957885746,528400,0.0,0,0.001971860634939926,0.9975727904325616,26.284202003479002,26.60825100010777,25.960153006850234,26.19316759692601,26.19316808603321,25.787607616235228,24.85515804953486,24.46294212341309
2018-09-18,26.326915143935523,26.39594664793849,26.03353084046269,26.344173431396484,669700,0.0,0,0.0013118175440498536,0.9988814239205178,26.282907581329347,26.605766128774523,25.96004903388417,26.19316759692601,26.19316808603321,25.787607616235228,24.85515804953486,24.733007431030277
2018-09-19,26.36143155200292,26.36143155200292,25.610714109582368,25.653858184814453,805700,0.0,0,-0.02620371629346041,0.9727070184772968,26.256589317321776,26.6800415880695,25.833137046574052,26.050790162565328,26.184538437662425,25.813492767319538,24.85515804953486,24.785276412963867
2018-09-20,25.63660053203205,26.042162090969647,25.576198166873088,25.990388870239254,491000,0.0,0,0.013118131510682751,0.985467117067046,26.251412105560302,26.68521135605076,25.817612855069843,26.016273602160297,26.167280466307787,25.86526812372466,24.85515804953486,23.182292938232425
2018-09-21,25.981759875285228,26.26651505970211,25.921357509778773,26.03353309631348,727000,0.0,0,0.0016600069467844758,0.987102999327205,26.24839210510254,26.68740107210507,25.809383138100007,25.994701716024373,26.167280466307787,25.86526812372466,24.85515804953486,22.80768585205078
2018-09-24,25.999015301299828,26.00764444537408,25.438134103200998,25.51579475402832,413500,0.0,0,-0.01988736374620148,0.9674721229246184,26.213444900512695,26.757573598586635,25.669316202438754,25.92566968418833,26.098248434471742,25.86526812372466,24.85515804953486,22.5811767578125
2018-09-25,25.55893959933049,25.62797110372011,25.291441079709934,25.34321594238281,372300,0.0,0,-0.006763607142523553,0.960928521563813,26.17073173522949,26.83538557473423,25.506077895724754,25.852323172442798,26.024901922726208,25.86526812372466,24.85515804953486,22.5114803314209
2018-09-26,25.360472970493323,25.48127933939644,24.903139864134467,24.92902565002441,638900,0.0,0,-0.01634324125636033,0.945223834905778,26.082284927368164,26.898171256064824,25.266398598671504,25.649544811828036,25.830751314938475,25.886840332210955,24.876730258021155,22.52890396118164
2018-09-27,25.081481476978816,25.351549056543004,24.942089989632557,25.17731094360352,654400,0.275,0,0.009959687035697051,0.954637968480121,26.019627380371094,26.90893754168845,25.13031721905374,25.649544811828036,25.830751314938475,25.886840332210955,24.876730258021155,22.80768585205078
2018-09-28,25.307991586501178,25.99623038335415,25.0989068241005,25.987518310546875,808300,0.0,0,0.032180059608359235,0.9853582752102142,26.001363277435303,26.877313169182347,25.125413385688258,25.64954325603648,25.830751314938475,25.886840332210955,24.876730258021155,22.94707489013672
2018-10-01,26.01365637843666,26.12691000966717,25.787147454317545,25.813282012939453,732700,0.0,0,-0.00670461471254491,0.978751827621112,25.9640323638916,26.804109390159663,25.12395533762354,25.632285708068693,25.830751314938475,25.904098158098854,24.876730258021155,22.97320938110352
2018-10-02,25.7871435024438,25.900397116318214,25.53449839676247,25.56063461303711,405400,0.0,0,-0.009787496211279834,0.9691722978164872,25.94297637939453,26.80133255160903,25.08462020718003,25.584827461918287,25.830751314938475,25.968815230198263,24.876730258021155,23.15616226196289
2018-10-03,25.53449993084712,25.726162205060323,25.247008181185265,25.30799102783203,677400,0.0,0,-0.009884088913669542,0.9595929126522036,25.895913314819335,26.78494442499831,25.00688220464036,25.584827461918287,25.830751314938475,25.992544957995708,24.945095920789292,22.88608932495117
2018-10-04,25.151179681978768,25.30799201016085,24.9595174003262,24.994365692138672,432600,0.0,0,-0.012392344194703364,0.9477013069918195,25.821519660949708,26.750403563549693,24.892635758349723,25.51502493690082,25.830751314938475,26.08961986200307,25.013961408791157,22.80768585205078
2018-10-05,25.03792929269952,25.316709035096935,24.976946431757376,25.133760452270508,338800,0.0,0,0.005577047317335104,0.9529866820236133,25.76703929901123,26.72297400381393,24.81110459420853,25.51502493690082,25.770347097119206,26.115505769106896,25.03984731589498,22.69443130493164
2018-10-08,25.12504128565383,25.4386692381534,25.09019299686149,25.31670188903809,1538100,0.0,0,0.0072787133113245694,0.9599231988715735,25.72084312438965,26.669968160568903,24.771718088210395,25.51502493690082,25.770347097119206,26.115505769106896,25.082576759250877,22.494054794311523
2018-10-09,25.360269408383,25.438676418639563,25.064065516671157,25.133760452270508,891700,0.0,0,-0.007226116481104272,0.9529866820236133,25.6642053604126,26.611491334212303,24.716919386612894,25.534499999649864,25.770347097119206,26.115505769106896,25.206489863908246,21.884225845336918
2018-10-10,25.003075438875577,25.229582667950996,24.846261463625016,24.86368560791016,818300,0.0,0,-0.010745500852259116,0.9427463628197369,25.594927024841308,26.56358932698281,24.626264722699805,25.48658573664609,25.703080443861474,26.191009088766144,25.291947193954336,21.54446601867676
2018-10-11,24.863682995841845,24.89852961909344,23.81825771177109,23.86181640625,939800,0.0,0,-0.04029447675051945,0.9047588914214603,25.476418018341064,26.662489238349337,24.29034679833279,24.97258386071913,25.18907856793451,26.191009088766144,25.334675636636142,21.52703285217285
2018-10-12,24.018636824227897,24.158026678035,23.71372089590307,23.870534896850582,619300,0.0,0,0.0003653741380014175,0.9050894669215125,25.357050609588622,26.678826137056983,24.03527508212026,24.80705900611064,25.10229355572568,26.216894239850458,25.428678449909338,21.53575325012207
2018-10-15,23.90537846153549,24.567480966953603,23.90537846153549,23.95764923095703,2324700,0.0,0,0.0036494504410096162,0.9083925460757224,25.23945007324219,26.619174015246035,23.859726131238343,24.719941550481696,25.085034966675288,26.268669596255577,25.467134592225236,21.20469856262207
2018-10-16,24.027347344116464,24.58490672329137,23.87053335330901,24.523923873901367,547000,0.0,0,0.023636486096165976,0.929863753860902,25.148437595367433,26.46255481176609,23.834320378968776,24.576198657271316,25.063463080539364,26.268669596255577,25.544046242204104,21.492191314697266
2018-10-17,24.523922948280774,24.689449005847536,24.22771912385939,24.410669326782227,365000,0.0,0,-0.004618125048074684,0.9255695267679003,25.08627815246582,26.41657230136363,23.75598400356801,24.576198657271316,25.063463080539364,26.268669596255577,25.554623316799002,21.25697326660156
2018-10-18,24.401957548207484,24.706873448981888,24.401957548207484,24.489076614379883,574500,0.0,0,0.003212008919052156,0.9285424643430816,25.01121253967285,26.297188531676863,23.72523654766884,24.576198657271316,25.063463080539364,26.238467487345943,25.5934539303014,21.48348045349121
2018-10-19,24.523927450563207,24.733012248247512,24.523927450563207,24.61975860595703,368700,0.0,0,0.005336338059411139,0.933497480835335,24.94052381515503,26.14600895872463,23.73503867158543,24.576198657271316,25.05483532771234,26.238467487345943,25.5934539303014,21.20469856262207
2018-10-22,24.63718038743592,24.80270479782976,24.22772124402628,24.31484031677246,415000,0.0,0,-0.012385104747159925,0.9219360167539795,24.880476093292238,26.084990442693922,23.675961743890554,24.471651781927033,25.05483532771234,26.212581567981115,25.709945828558745,21.413782119750977
2018-10-23,24.166738274506116,24.58490782767192,24.02734842345084,24.46294212341309,427400,0.0,0,0.0060910046996469625,0.9275515333648018,24.83646240234375,26.034366960913648,23.63855784377385,24.306125257498255,25.05483377192078,26.19316784147961,25.735831503060663,21.378936767578125
2018-10-24,24.445515682501483,25.05534746988155,24.410669053836934,24.733007431030277,634500,0.0,0,0.01103977216864327,0.9377914909678249,24.82666149139404,26.024584094664323,23.62873888812376,24.38453418289231,25.037576223952996,26.19316784147961,25.735831503060663,21.31795310974121
2018-10-25,24.78527641296387,25.03791983596714,24.55876754240297,24.785276412963867,483400,0.0,0,0.0021133290029264895,0.9397733529243849,24.80705976486206,25.994052143939108,23.620067385785013,24.46294041159528,24.99011797780259,26.117664300113876,25.735831503060663,21.588022232055664
2018-10-26,24.567480779783537,24.66331024604997,23.156156722891872,23.182292938232425,1110100,0.0,0,-0.06467482742669783,0.8789936735037911,24.666798496246336,25.92433673956755,23.409260252925122,24.10575209638671,24.71133589129699,26.091777034234042,25.735831503060663,21.047887802124023
2018-10-29,23.199719175674108,23.58304208776501,22.58988900726291,22.80768585205078,875500,0.0,0,-0.016159190429512638,0.8647898473473065,24.516518688201906,25.90329266471007,23.129744711693743,23.822618238572232,24.35839950846504,26.08099109116608,25.735831503060663,21.28310775756836
2018-10-30,22.67700790050172,23.05161707482003,22.31982121077032,22.5811767578125,1143400,0.0,0,-0.009931261580311324,0.8562013931613028,24.367545795440673,25.907119269637874,22.82797232124347,23.687584340325934,24.223365610218746,26.011959059330035,25.735831503060663,21.25697326660156
2018-10-31,22.60731146771157,22.86866699730329,22.25883521271203,22.5114803314209,1023900,0.0,0,-0.003086483363515913,0.8535587418054913,24.227720260620117,25.903709586050326,22.55173093518991,23.65709134129679,24.1928726111896,25.938612547584505,25.735831503060663,21.047887802124023
2018-11-01,22.572462661231267,22.668293795329912,22.34595376532585,22.52890396118164,694900,0.0,0,0.0007739886273236962,0.8542193865644014,24.104447174072266,25.896699389988,22.31219495815653,23.65709134129679,24.1928726111896,25.740148063383256,25.735831503060663,20.934629440307617
2018-11-02,22.546328641310502,22.83382040996417,22.22399024155297,22.80768585205078,1405500,0.0,0,0.012374409840332001,0.8647898473473064,23.98814344406128,25.80011815554066,22.1761687325819,23.63966885571726,24.17545012561007,25.740148063383256,25.735831503060663,20.594867706298828
2018-11-05,22.88609204161307,23.182295873006204,22.77283675579088,22.94707489013672,879200,0.0,0,0.006111494124837025,0.8700750054185881,23.86966209411621,25.627144952571,22.112179235661422,23.63966885571726,24.17545012561007,25.740147285487478,25.735831503060663,19.758525848388672
2018-11-06,22.999343936129364,23.25198904576505,22.938361092191887,22.97320938110352,753700,0.0,0,0.0011389029360788783,0.8710659363968681,23.76163454055786,25.45897145240154,22.064297628714183,23.630955038760057,24.062193678935593,25.731518511503584,25.770347154836458,19.523305892944336
2018-11-07,23.13873811423458,23.24328133894625,22.859958397214363,23.15616226196289,838800,0.0,0,0.00796374933185695,0.8780028871658521,23.6762583732605,25.31334009812697,22.039176648394026,23.44365024380147,23.975076223306644,25.70778938842838,25.830751314938475,18.843780517578125
2018-11-08,23.12131027989908,23.33039501930017,22.816394411817477,22.88608932495117,494900,0.0,0,-0.011663112995859093,0.8677626402821462,23.627472019195558,25.297708718886156,21.95723531950496,22.90351616465899,23.831333330096264,25.70778938842838,25.830751314938475,19.00059509277344
2018-11-09,22.825109998431746,22.94707569978237,22.60731315364388,22.80768585205078,571000,0.0,0,-0.003425813461931604,0.8647898473473064,23.574329566955566,25.277915938715047,21.870743195196084,22.77719263042657,23.831333330096264,25.67288812591965,25.830751314938475,18.896053314208984
2018-11-12,22.807686598456243,22.9645005977007,22.60731389349193,22.69443130493164,452800,0.0,0,-0.004965630790155662,0.8604956202543046,23.511168670654296,25.246940967688936,21.775396373619657,22.77719263042657,23.831333330096264,25.642686017010014,25.830751314938475,18.7653751373291
2018-11-13,22.72056368138072,22.912224280443347,22.45920816796279,22.494054794311523,773700,0.0,0,-0.00882932504136269,0.8528980247264103,23.409675216674806,25.133925659339102,21.68542477401051,22.77719263042657,23.831333330096264,25.642686017010014,25.830751314938475,18.66083335876465
2018-11-14,22.62473372568719,22.746701078384834,21.85808962797501,21.884225845336918,1437500,0.0,0,-0.0271106723332436,0.8297753858443819,23.28335304260254,25.065602756647706,21.50110332855737,22.594242323637587,23.543836147963003,25.652423548384533,25.830751314938475,17.719951629638672
2018-11-15,21.76226288905156,21.93650105001469,21.431212377211494,21.54446601867676,1810800,0.0,0,-0.015525329936793342,0.8168928492057179,23.136122512817384,24.98170823126535,21.290536794369416,22.380803698255832,23.243279923546524,25.594833090253783,25.80231211468375,18.434324264526367
2018-11-16,21.492186231573072,21.60543982559429,21.32666021416586,21.52703285217285,1396300,0.0,0,-0.0008091714358943181,0.8162318428459543,22.981486225128172,24.8221214972547,21.140850953001646,22.328527616733012,23.191003842023704,25.08083121432682,25.288310238756786,18.303646087646484
2018-11-19,21.518330763914083,21.953924490619563,21.378940904300983,21.53575325012207,1851200,0.0,0,0.00040509056724635784,0.8165624906661773,22.842531871795654,24.679106234909547,21.00595750868176,22.328527616733012,23.191003842023704,24.95467628091816,25.236041830822778,18.50226402282715
2018-11-20,21.466054082384016,21.63158013111745,21.1175795021488,21.20469856262207,1594200,0.0,0,-0.015372329152133268,0.8040100232863711,22.679619693756102,24.48991240416438,20.869326983347825,22.223987260724485,23.086463486015177,24.902488258578494,25.236041830822778,18.564054489135746
2018-11-21,21.16114086324356,21.90164875811648,21.15242879061873,21.492191314697266,1287600,0.0,0,0.013557974013455931,0.8149107702886458,22.517578887939454,24.13113193499708,20.90402584088183,22.04104004992475,23.086463486015177,24.819830868905342,25.236041830822778,18.5728816986084
2018-11-23,21.40507519830636,21.49219427489592,21.07402470125585,21.25697326660156,1306800,0.0,0,-0.010944349259298436,0.805992102203443,22.34116373062134,23.667533345785944,21.014794115456734,22.019262649478275,23.064686085568702,24.819830868905342,25.236041830822778,18.92597770690918
2018-11-26,21.439921749568818,21.55317537676187,21.19598868729249,21.48348045349121,852000,0.0,0,0.010655665039835949,0.8145804840692761,22.256223106384276,23.573708136771838,20.938738075996714,21.9931244908496,23.064686085568702,24.819830868905342,25.236041830822778,19.62334251403809
2018-11-27,21.483478226810245,21.49219029902336,21.08273287495421,21.20469856262207,520300,0.0,0,-0.012976570135954657,0.8040100232863712,22.17607374191284,23.54423434289599,20.807913140929692,21.91036288982034,23.064686085568702,24.81551699249183,25.236041830822778,19.967613220214844
2018-11-28,21.20469738323892,21.44863040666521,21.10886625588256,21.413782119750977,746200,0.0,0,0.00986024661050644,0.8119377603932938,22.117704010009767,23.511402368850977,20.724005651168557,21.513974595937707,23.064686085568702,24.763243554819688,25.236041830822778,20.29422950744629
2018-11-29,21.43120753940434,21.59673358878821,21.09144336838925,21.378936767578125,713600,0.0,0,-0.0016272395029512943,0.810616543195644,22.061076831817626,23.478266679299058,20.643886984336195,21.513974595937707,23.064686085568702,24.680479514709518,25.236041830822778,20.347192764282227
2018-11-30,21.27439440842985,21.37893761789823,21.030461360775583,21.31795310974121,1234400,0.0,0,-0.0028525112590911395,0.8083042503793729,22.000529289245605,23.436149903005468,20.564908675485743,21.492192925697573,23.03419059837136,24.711055203422653,25.236041830822778,20.65615463256836
2018-12-03,21.44863239479389,21.596734304591767,21.33537711348249,21.588022232055664,948800,0.0,0,0.012668623527042344,0.8185443526227374,21.93954610824585,23.33548525197189,20.54360696451981,21.46605505944603,22.846885803412775,24.726529194698934,25.236041830822778,20.86801147460937
2018-12-04,21.553176436085387,21.64900758341434,20.986904948972192,21.047887802124023,1118600,0.0,0,-0.02502009791010895,0.7980642927763497,21.844586753845213,23.211220705528405,20.477952802162022,21.444276853544338,22.284973518368602,24.40854399384185,24.957259744317177,20.33836936950684
2018-12-06,20.882360702503988,21.309242315259528,20.507751528446875,21.28310775756836,874500,0.0,0,0.01117546604465458,0.806983033181723,21.760081672668456,23.042659727290175,20.477503618046736,21.078379555930606,21.919073273873522,24.090508873518637,24.6741258865027,20.47077751159668
2018-12-07,21.25697326660156,21.483482201071144,21.14371963019586,21.25697326660156,1041100,0.0,0,-0.0012279452448623607,0.805992102203443,21.66512222290039,22.790130955194012,20.540113490606767,21.078379555930606,21.919073273873522,23.955474975272338,24.539091988256402,20.54139709472656
2018-12-10,21.25697258221237,21.3963624356046,21.030463655035465,21.047887802124023,1638500,0.0,0,-0.00983608822644777,0.7980642927763498,21.573212146759033,22.576755161979097,20.56966913153897,21.078379555930606,21.919073273873522,23.924981976243195,24.50859898922726,20.60318756103516
2018-12-11,21.21340908411676,21.40506967382111,20.92591736873136,20.934629440307617,786400,0.0,0,-0.005380984680323886,0.7937699210430068,21.479559326171874,22.343249006807913,20.615869645535835,21.078379555930606,21.919073273873522,23.924981976243195,24.50859898922726,20.717941284179688
2018-12-12,21.030461366155627,21.2221236399537,20.568733150168505,20.594867706298828,576000,0.0,0,-0.016229651209140106,0.7808873120841722,21.374581146240235,22.12373457613544,20.62542771634503,21.078379555930606,21.919073273873522,23.907559490663665,24.49117650364773,20.85918235778809
2018-12-13,20.58615268664084,20.65584759577426,19.68883093925525,19.758525848388672,1406500,0.0,0,-0.04060923672038763,0.7491760743757988,21.237804698944093,22.10972062194221,20.365888775945976,20.668919261334793,21.509612979277712,23.907559490663665,24.49117650364773,20.85035896301269
2018-12-14,19.706256077195327,19.802085543557475,19.479747195657705,19.523305892944336,958500,0.0,0,-0.011904732025517895,0.7402573339704255,21.119758701324464,22.221456479838615,20.018060922810314,20.56437738953602,21.40507110747894,23.846574358847825,24.49117650364773,20.965112686157227
2018-12-17,19.53201928033707,19.653984970281027,18.791509744981845,18.843780517578125,806000,0.0,0,-0.0348058560928346,0.7144920437325855,20.98472442626953,22.45131547182331,19.51813338071575,20.22025866419809,21.060952382141007,23.709363233554058,24.49117650364773,21.30055427551269
2018-12-18,19.044155456017723,19.139984931839244,18.86991732635649,19.00059509277344,1494400,0.0,0,0.008321821358990844,0.7204379188829483,20.85840253829956,22.53854281446883,19.178262262130293,20.137495973026496,20.87800517134127,23.367424747377626,24.49117650364773,21.318208694458008
2018-12-19,19.139984698774857,19.32293489885719,18.87862916912344,18.896053314208984,1270800,0.0,0,-0.005502026544643157,0.7164740503294869,20.726417541503906,22.58067135140577,18.872163731602043,20.137495973026496,20.87800517134127,23.304262980261417,24.49117650364773,21.51241111755371
2018-12-20,18.89605289928536,19.000594444187204,18.652119858417887,18.7653751373291,1573700,0.0,0,-0.0069156333709969875,0.7115191784775748,20.604451370239257,22.63161907442856,18.577283666049954,20.028594766119497,20.782172069430615,23.304262980261417,24.43077228582846,21.70661354064941
2018-12-21,18.75666450030627,19.000595898182368,18.608562582313773,18.66083335876465,2366100,0.0,0,-0.005570993268154467,0.7075553099241135,20.462883472442627,22.615283238285446,18.310483706599808,20.00681612806744,20.677631830349306,23.304262980261417,24.43077228582846,21.79488945007324
2018-12-24,18.55629072569264,18.573714872274945,17.70252748305636,17.719951629638672,360900,0.0,0,-0.050420134569395425,0.6718802759824495,20.28603239059448,22.715036612584615,17.857028168604348,19.462325561505033,19.828225986837964,23.069039235800297,24.24782197903948,21.61834144592285
2018-12-26,17.763509603628094,18.45174841039183,17.458595359272522,18.434324264526367,897500,0.0,0,0.04031459282839256,0.6989668557381099,20.13357458114624,22.625446619496042,17.64170254279644,19.05722147752339,19.706259924946043,22.812041810901178,23.995555900654715,22.086191177368164
2018-12-27,18.286221942167707,18.303646087646484,17.676391805332255,18.303646087646484,923700,0.0,0,-0.007088850939404923,0.6940119838861979,19.98852195739746,22.55161188133347,17.425432033461448,18.630340451414998,19.706259924946043,22.75976572937836,23.943279819131895,22.209779739379883
2018-12-28,18.422818823984485,18.564057352120876,18.255097440436504,18.50226402282715,865400,0.275,0,0.010851277075047738,0.7015429002167506,19.84294605255127,22.39630475157193,17.28958735353061,18.556290164776776,19.6801220586945,22.75976572937836,23.908763214857075,22.09502220153809
2018-12-31,18.581708039658174,18.581708039658174,18.12268373585459,18.564054489135746,762600,0.0,0,0.003339616504897114,0.7038857844652079,19.702201938629152,22.210829512072255,17.19357436518605,18.390765129064857,19.6801220586945,22.65522537336983,23.78696426979815,22.4216365814209
2019-01-02,18.35219632681141,18.60819048257412,18.08737287043757,18.5728816986084,1233500,0.0,0,0.00047550008419872114,0.7042204822149873,19.56494836807251,22.003606215375047,17.126290520769974,18.390765129064857,19.55380147134343,22.56375176796996,23.76539238366223,22.483421325683597
2019-01-03,18.599362620135032,19.181971859292595,18.511088135842364,18.92597770690918,878200,0.0,0,0.01901137443454659,0.7176086814868534,19.431846141815186,21.69689259143203,17.166799692198342,18.32028360928256,19.55380147134343,22.541974367523487,23.743614983215757,22.85417938232422
2019-01-04,19.243763411772555,19.738099848241763,19.111352527741627,19.62334251403809,1988500,0.0,0,0.036846963360541496,0.744050382280806,19.36061887741089,21.502883634956568,17.21835411986521,18.59834760375714,19.55380147134343,22.528905288209153,23.743614983215757,22.68646049499512
2019-01-07,19.65865336235341,20.09119648988111,19.65865336235341,19.967613220214844,816600,0.0,0,0.01754393808957211,0.7571039561230629,19.294844150543213,21.269436207834552,17.320252093251874,18.774895924576818,19.55380147134343,22.48752448769452,23.73498723038873,22.501081466674805
2019-01-08,20.10002695846212,20.36484876923108,19.93230558033724,20.29422950744629,841100,0.0,0,0.016357302379073735,0.7694881344657608,19.24670696258545,21.06691713474396,17.42649679042694,18.9117220642518,19.55380147134343,22.289330340753203,23.73498723038873,22.818870544433597
2019-01-09,20.550224607478345,20.550224607478345,20.22360948175098,20.347192764282227,794100,0.0,0,0.0026097692852298238,0.7714963209644383,19.211672210693358,20.91376307248756,17.509581348899157,19.1133082064053,19.55380147134343,22.289330340753203,23.73498567459717,23.09251976013184
2019-01-10,20.320713540559737,20.762084373237247,20.27657544707432,20.65615463256836,713900,0.0,0,0.015184496056305674,0.7832111038075772,19.197748470306397,20.846380530703062,17.549116409909733,19.42472862183741,19.55380147134343,22.263191762034467,23.69594645638925,22.95128059387207
2019-01-11,20.64732606837638,20.86801147460937,20.585534424022505,20.86801147460937,574800,0.0,0,0.01025635438006356,0.7912439944426285,19.211405658721922,20.910415699082368,17.512395618361477,19.47769217252347,19.55380147134343,22.156470431429405,23.648488210238845,23.083688735961918
2019-01-14,20.717946882344997,20.779740215021867,20.2854036557838,20.33836936950684,577900,0.0,0,-0.025380573790989125,0.7711617678550003,19.24039783477783,20.995249054270893,17.48554661528477,19.47769217252347,19.47103878017183,21.86462518595647,23.626710004337152,23.013071060180664
2019-01-15,20.32953899487252,20.567877939534583,20.23243688323869,20.47077751159668,416000,0.0,0,0.0065102634180869146,0.776182234101694,19.28777141571045,21.12089066993874,17.45465216148216,19.689549805225866,19.47103878017183,21.498726414902066,23.317330769057023,23.207279205322266
2019-01-16,20.35602048628527,20.68263561368376,20.35602048628527,20.54139709472656,521000,0.0,0,0.0034497753243556417,0.7788598884201012,19.37265224456787,21.272412990898413,17.472891498237328,19.9896820011755,19.431832516546816,21.498726414902066,23.317330769057023,23.11017417907715
2019-01-17,20.44429381534814,20.779736541508697,20.44429381534814,20.60318756103516,803700,0.0,0,0.003008094630742697,0.7812027726685586,19.452781867980956,21.41780021169501,17.487763524266903,20.26333241848139,19.431832516546816,21.498726414902066,23.317330769057023,22.898313522338867
2019-01-18,20.60318563618005,20.912145481296204,20.514911154190333,20.717941284179688,1028200,0.0,0,0.0055697072506173395,0.7855538434156931,19.543876266479494,21.5659304711777,17.521822061781286,20.42222553081672,19.34035949961311,21.498726414902066,23.317330769057023,22.99541473388672
2019-01-22,20.717943842641255,20.903320446081413,20.64732458506785,20.85918235778809,896500,0.0,0,0.0068173314940445096,0.7909092243726786,19.64856662750244,21.715360545521804,17.581772709483076,20.567877481523592,19.185370420284364,21.498726414902066,23.317330769057023,22.94245147705078
2019-01-23,20.85035896301269,21.053389142799585,20.753256840638045,20.85035896301269,655600,0.0,0,-0.00042299811296786505,0.7905746712632401,19.758042907714845,21.836007247562534,17.680078567867156,20.64291301301914,19.255992251036055,21.089266120306252,22.907870474461212,22.783557891845703
2019-01-24,20.82387416696721,21.159315229119507,20.80621893114447,20.965112686157227,562800,0.0,0,0.005503680936529642,0.7949257420103748,19.92030096054077,21.83503538825056,18.005566532830983,20.6958760561791,19.308955294196014,20.98472424850748,22.69007215598796,22.68646049499512
2019-01-25,21.02690484827103,21.39765639124516,20.98276844131773,21.30055427551269,1097200,0.0,0,0.015999989810546067,0.8076445457826815,20.063612461090088,21.94028154518989,18.186943376990286,20.815046637241927,19.428125875258843,20.640605523169548,22.258835975021086,22.863006591796875
2019-01-28,21.16814255939574,21.43296604205053,21.053386895499152,21.318208694458008,467300,0.0,0,0.0008288243919367666,0.8083139412822409,20.214340591430663,21.981255003539253,18.447426179322072,20.83270146264461,19.445780700661526,20.507750572183884,22.115093081810706,22.889488220214844
2019-01-29,21.29172574233082,21.53889228501515,21.25641527412117,21.51241111755371,571500,0.0,0,0.009109697061282063,0.815677436417733,20.364847946166993,22.031704977781136,18.69799091455285,20.947456385650213,19.498743822143837,20.507750572183884,22.115093081810706,23.030723571777344
2019-01-30,21.583030269882105,21.891988446800376,21.477100549441708,21.70661354064941,724800,0.0,0,0.009027459638740076,0.8230409315532251,20.521975898742674,22.066939220618988,18.97701257686636,21.168141131074258,19.67529190303645,20.405383417775056,22.045398138528725,23.066036224365234
2019-01-31,21.644823318473943,21.891989876146276,21.49475718687465,21.79488945007324,820900,0.0,0,0.004066774822268693,0.8263880536913624,20.683076286315917,22.04008029073519,19.326072281896643,21.203450515168306,19.6752926177094,20.342223979208374,22.02361950047667,23.39264869689941
2019-02-01,21.79489043829031,21.821371608558245,21.380000811335577,21.61834144592285,805200,0.0,0,-0.008100431275635311,0.8196939540554294,20.817694473266602,21.96695449401465,19.668434452518554,21.269657230607063,19.6752926177094,19.6452757741715,21.46605507550368,23.613340377807617
2019-02-04,21.58302882722429,22.103846410210743,21.52123551227525,22.086191177368164,816300,0.0,0,0.021641333245457917,0.8374332240744301,20.940836906433105,22.079432359066242,19.80224145379997,21.428551625424394,19.890119107771497,19.38174070123472,21.256971414577038,23.7987117767334
2019-02-05,22.086196447384783,22.245090213490528,21.92730268127904,22.209779739379883,614200,0.0,0,0.005595739030746172,0.842119281852027,21.05294523239136,22.227525237105336,19.87836522767738,21.5256545723175,20.16623154196405,19.16830018818052,21.256971414577038,23.878158569335938
2019-02-06,22.174469077887245,22.24508833645361,21.953783684405348,22.09502220153809,408800,0.0,0,-0.005166982256844199,0.8377680664645512,21.142984867095947,22.347155470472345,19.93881426371955,21.61392932740413,20.16623154196405,19.11820611173564,21.256971414577038,23.834020614624023
2019-02-07,22.0067486304044,22.501083461102183,21.980265775945306,22.4216365814209,857200,0.0,0,0.01478226076912792,0.8501521724870782,21.246707057952882,22.515189898645815,19.97822421725995,21.777235178300668,20.294228165769876,19.035443593879677,21.256971414577038,23.692785263061523
2019-02-08,22.34218284596658,22.748244737924608,22.086188732865303,22.483421325683597,876900,0.0,0,0.002755585839523178,0.8524948397750235,21.338070392608643,22.684926470836032,19.991214314381253,22.002330006022888,20.629666436883486,18.972283300204143,21.256971414577038,23.710433959960938
2019-02-11,22.53639355266821,22.96010911467354,22.48342784464556,22.85417938232422,848400,0.0,0,0.01649028638791239,0.8665527238271311,21.437378787994383,22.918667396686615,19.95609017930215,22.17005496300456,21.035730821207583,18.937042540312994,21.256971414577038,23.939950942993164
2019-02-12,22.95128230970561,23.048384427490948,22.659977640045653,22.68646049499512,660900,0.0,0,-0.00733865279183088,0.8601933942611485,21.5547833442688,23.04129780845,20.068268880087597,22.21419261941326,21.35351889492218,19.076074537550284,21.256971414577038,24.28422164916992
2019-02-13,22.6070111914259,22.7923861051205,22.24508729771143,22.501081466674805,695800,0.0,0,-0.008171350853131698,0.8531644522350944,21.656298542022704,23.10940651876277,20.203190565282636,22.21419261941326,21.490345003914094,19.164348697960122,21.256971414577038,23.95760536193848
2019-02-14,22.48342779580277,22.933626210841418,22.359844511410348,22.818870544433597,795200,0.0,0,0.014123280173419905,0.865213932828013,21.770172214508058,23.21275236961461,20.327592059401507,22.2848099698831,21.635996954620964,19.232761767797616,21.256971414577038,23.904640197753903
2019-02-15,22.889489599394317,23.13665616596314,22.7747322503194,23.09251976013184,707400,0.0,0,0.011992233146044029,0.8755897800316922,21.89463882446289,23.342598810367,20.446678838558782,22.531979423621088,21.684546524600915,19.333554838874363,21.256971414577038,24.17828941345215
2019-02-19,23.00424461611538,23.154310748884686,22.57170145312053,22.95128059387207,1008800,0.0,0,-0.006116230178727089,0.8702344713948773,22.00630578994751,23.417671063364633,20.59494051653039,22.554047216645017,21.693373816061687,19.48926504659042,21.248257597619833,24.33718490600586
2019-02-20,22.90714145499233,23.154307985088888,22.765902956738383,23.083688735961918,535900,0.0,0,0.005769096044479616,0.8752549376415713,22.117531108856202,23.499760693212504,20.7353015244999,22.567288262414998,21.693373816061687,19.515746821933448,21.060952802661248,24.69829750061035
2019-02-21,23.066035079722983,23.119000782961127,22.915968954606555,23.013071060180664,323300,0.0,0,-0.003059202391307525,0.8725773556433344,22.2256667137146,23.529801255121363,20.921532172307835,22.620249740874996,21.693373816061687,19.47436547634765,20.520818723518765,24.34164047241211
2019-02-22,23.048385436064525,23.34851773717445,22.93362807662455,23.207279205322266,448900,0.0,0,0.008439036434282787,0.8799410677393387,22.337775039672852,23.57207135434638,21.103478724999324,22.79680251744294,21.85226911172986,19.58029429269885,20.394495189286346,24.35947608947754
2019-02-25,23.277895545960444,23.277895545960444,22.99541683405851,23.11017417907715,445900,0.0,0,-0.004184248631043608,0.8762591755312513,22.428256034851074,23.608716582246252,21.247795487455896,22.79680251744294,21.896405776261297,19.710757258861157,20.394495189286346,24.35055923461914
2019-02-26,23.2249269136572,23.2249269136572,22.889485905857875,22.898313522338867,551000,0.0,0,-0.009167419297518298,0.8682261402558586,22.507261276245117,23.5860486260343,21.428473926455933,22.79680251744294,21.931714445682392,19.8475824675141,20.394495189286346,24.404056549072266
2019-02-27,22.77472936529396,23.101344451637367,22.77472936529396,22.99541473388672,719500,0.0,0,0.004240539874393878,0.8719078878236047,22.58141145706177,23.576206175828467,21.58661673829507,22.8541811242924,21.99792116112115,19.881292515214916,20.394495189286346,24.35055923461914
2019-02-28,23.01307072999258,23.29554774175978,22.89831507534808,22.94245147705078,2024700,0.0,0,-0.002303209463662692,0.8698997013249272,22.643203353881837,23.5628782617504,21.723528446013276,22.96010959514749,22.050887288906246,19.876623950903976,20.394495189286346,24.58238410949707
2019-03-01,22.942451632968552,23.013070886390285,22.43928924187674,22.783557891845703,752000,0.0,0,-0.006925745723556087,0.8638749971885534,22.69263677597046,23.525943661890448,21.85932989005047,22.893903489525595,22.07736833415946,19.949452632027597,20.394495189286346,24.45755386352539
2019-03-04,22.845352573603797,23.013073954225,22.51873911437392,22.68646049499512,789300,0.0,0,-0.0042617310830690425,0.8601933942611488,22.746042728424072,23.416509292874387,22.075576163973757,22.893903489525595,22.16564308924609,20.002415675187557,20.394495189286346,24.207895278930664
2019-03-05,22.66880405027189,22.960108704407336,22.65114881457982,22.863006591796875,1033700,0.0,0,0.007782002698953461,0.866887421576911,22.784883499145508,23.3833455896309,22.186421408660117,22.893903489525595,22.200952316336803,20.121586256250385,20.394495189286346,24.635883331298828
2019-03-06,22.93362462338676,22.986590327628083,22.78355849542805,22.889488220214844,404000,0.0,0,0.0011582741015117026,0.8678915148262498,22.818868923187257,23.35629391747311,22.281443928901403,22.893903489525595,22.30246650564781,20.13924108165307,20.21154797848661,24.69829750061035
2019-03-07,22.89831269672796,23.24258130859549,22.810038218796493,23.030723571777344,791000,0.0,0,0.006170314958714007,0.8732466788227232,22.86565399169922,23.29356888272922,22.437739100669216,22.86741849181826,22.364259274255012,20.223100103897025,20.21154797848661,25.03711700439453
2019-03-08,22.986591032957232,23.08369145965408,22.933625327090684,23.066036224365234,487300,0.0,0,0.0015332845482616264,0.8745856144621829,22.897873973846437,23.281501081486667,22.514246866206207,22.86741849181826,22.364259274255012,20.42171651705535,20.185409819857934,24.947954177856445
2019-03-11,23.18079094848041,23.39264869689941,23.057207682826597,23.39264869689941,472800,0.0,0,0.014159887262691795,0.8869696481645394,22.943335342407227,23.335226166010422,22.551444518804033,22.915968969388075,22.386324754117496,20.43937156643885,20.102648218828676,24.297061920166016
2019-03-12,23.41031019173037,23.65747678914748,23.35734447768713,23.613340377807617,575300,0.0,0,0.009434232256796848,0.895337525830053,22.981293392181396,23.468026511344178,22.494560273018614,23.04838301551211,22.589356150711367,20.47247492415823,19.706259924946043,24.11873435974121
2019-03-13,23.648647327078724,23.92229674070771,23.648647327078724,23.7987117767334,811800,0.0,0,0.007850282762196459,0.9023661785754243,23.03690595626831,23.621649121440832,22.452162791095787,23.180792991292225,22.924799710993376,20.659335366597944,19.781220884741632,24.33272933959961
2019-03-14,23.82519454707139,23.91346903997625,23.728092436506454,23.878158569335938,666900,0.0,0,0.0033382812207596313,0.9053785306436113,23.105759811401366,23.74434736198632,22.46717226081641,23.220517927540815,22.93804021255653,20.845943057140772,19.851842786381525,24.190061569213867
2019-03-15,23.851675848795924,23.948776269349764,23.75457374454628,23.834020614624023,1158200,0.0,0,-0.0018484656002157873,0.9037049695745426,23.15651731491089,23.855064828250043,22.457969801571736,23.299962541964792,22.964521022647535,20.890080434684087,19.851842786381525,24.519968032836918
2019-03-18,23.8340237878494,24.02822633850871,23.50740864696743,23.692785263061523,912200,0.0,0,-0.0059257879250067536,0.8983498055780692,23.186530590057373,23.922495405774722,22.450565774340024,23.405892416968378,23.057207535687006,21.035731672035272,19.979839410187353,24.67154884338379
2019-03-19,23.71926157578742,23.842844829967053,23.569195474128342,23.710433959960938,528900,0.0,0,0.000744897516415266,0.8990189841171164,23.224488258361816,23.986147106300432,22.4628294104232,23.4191322786526,23.13665681811007,21.315998221453185,20.103420048598565,24.707210540771484
2019-03-20,23.6662998574773,24.0988430034818,23.516233730602607,23.939950942993164,499400,0.0,0,0.009679999253485061,0.907721487212239,23.26730136871338,24.08718057542076,22.447422162006,23.516234165286242,23.171965150596613,21.60289289210607,20.209352236973032,24.867700576782227
2019-03-21,23.87815963712754,24.425460170655278,23.754576351751847,24.28422164916992,464000,0.0,0,0.014380593635991312,0.9207750610544959,23.33085889816284,24.253836811110148,22.407880985215535,23.741333926740936,23.335273734183353,21.78385575716772,20.253489893381733,24.609132766723636
2019-03-22,24.29304809708062,24.416631376503567,23.939951810375128,23.95760536193848,401900,0.0,0,-0.013449732585627316,0.9083908827117982,23.36837520599365,24.328860058478377,22.407890353508925,23.891402324171203,23.392652341032814,21.852268811663677,20.253489893381733,24.858787536621094
2019-03-25,23.9311230493775,24.125325576863045,23.648646033509134,23.904640197753903,720900,0.0,0,-0.002210787070928366,0.9063826238929498,23.40809850692749,24.388310957447615,22.427886056407367,23.966434408811352,23.43237470626601,21.96040346225203,20.253489893381733,24.832040786743164
2019-03-26,24.001742121718305,24.17828941345215,23.84284838057077,24.17828941345215,527600,0.0,0,0.011447535433892764,0.916758471096629,23.472097301483153,24.477903521143872,22.466291081822433,23.966434408811352,23.43237470626601,22.108262974111,20.29762576261783,24.680465698242188
2019-03-27,24.10767189490891,24.381322994887544,24.037052636394154,24.33718490600586,588800,0.0,0,0.006571825236954432,0.9227832475531735,23.539185810089112,24.587430386713436,22.49094123346479,23.966434408811352,23.43237470626601,22.123710516353352,20.306453054078602,25.03711700439453
2019-03-28,24.36839170453945,24.73396202683841,24.297060951424037,24.69829750061035,475700,0.275,0,0.01483789501535071,0.9364754085022919,23.62697811126709,24.75272267993126,22.501233542602918,24.12068533690292,23.586625634357574,22.130331039238342,20.306453054078602,25.099529266357425
2019-03-29,24.70721077125304,24.83204085668937,24.26139316772418,24.34164047241211,1012200,0.0,0,-0.014440551142823832,0.9229521874718177,23.70488224029541,24.801329476893102,22.60843500369772,24.17413729364599,23.635665049283055,22.15681177846834,20.306453054078602,24.662633895874023
2019-04-01,24.40405887481017,24.53780382948933,24.02065542424637,24.35947608947754,743500,0.0,0,0.0007327204214375715,0.9236284533875888,23.788533020019532,24.813632847894024,22.76343319214504,24.17413729364599,23.635665049283055,22.3245358145864,20.403556548223484,24.546720504760746
2019-04-02,24.386225462449072,24.51105385853513,24.00282201657405,24.35055923461914,824100,0.0,0,-0.00036605281762402964,0.9232903565897885,23.862910652160643,24.82162345498194,22.904197849339347,24.240343445099253,23.635665049283055,22.34660414685212,20.403556548223484,24.609132766723636
2019-04-03,24.3683903242052,24.51105182235506,24.2078957136218,24.404056549072266,556500,0.0,0,0.0021969645106576507,0.9253187927362487,23.938639068603514,24.8124605590593,23.06481757814773,24.240343445099253,23.635665049283055,22.364258481562665,20.403556548223484,24.947954177856445
2019-04-04,24.448639660492105,24.49322074462017,24.22573083853308,24.35055923461914,638000,0.0,0,-0.002192148438336483,0.9232903565897885,24.004630851745606,24.787953180334352,23.22130852315686,24.240343445099253,23.635665049283055,22.426051142706775,20.403556548223484,24.947954177856445
2019-04-05,24.33272732244392,24.600217223046386,24.22573034180735,24.58238410949707,694300,0.0,0,0.009520310094083717,0.9320803670914004,24.0804482460022,24.7730656317831,23.387830860221296,24.337444618630073,23.635665049283055,22.50549844202687,20.403556548223484,24.97470474243164
2019-04-08,24.573465691498004,24.573465691498004,24.279226142857635,24.45755386352539,494500,0.0,0,-0.0050780365897648005,0.9273472288827088,24.133693504333497,24.767221833886083,23.50016517478091,24.41743143663171,23.675389985531645,22.48563591184253,20.403556548223484,25.15302848815918
2019-04-09,24.359473330575472,24.41297096625624,24.12764797507993,24.207895278930664,361700,0.0,0,-0.010207831330468986,0.9178810247854963,24.16342124938965,24.75006544562986,23.57677705314944,24.41743143663171,23.741594835634594,22.529773289385844,20.403556548223484,25.24219512939453
2019-04-10,24.23464845463277,24.680466118034676,24.2257318972856,24.635883331298828,569300,0.0,0,0.017679688689857365,0.9341088755580311,24.20527982711792,24.80135458434491,23.60920506989093,24.41743143663171,23.80779967605871,22.547427902931197,20.403556548223484,25.07278251647949
2019-04-11,24.70721235667289,24.90337320323478,24.546719437657664,24.69829750061035,625100,0.0,0,0.002533465858406192,0.9364754085022916,24.24628677368164,24.859487165032295,23.633086382330983,24.453097609904415,23.856705711015636,22.598184997586703,20.403556548223484,24.814208984375
2019-04-12,24.70721122345505,25.03711700439453,24.600215949019,25.03711700439453,452100,0.0,0,0.013718334382190056,0.9493222912968241,24.306441593170167,24.979842559430985,23.63304062690935,24.51996951048429,23.985371165742606,22.615838883036638,20.403556548223484,25.206525802612305
2019-04-15,25.08169912678471,25.117365353517204,24.894456538417,24.947954177856445,437900,0.0,0,-0.003561225780206123,0.9459415402793335,24.369200038909913,25.03599184712181,23.702408230698016,24.62250666429857,24.0872865181719,22.615838883036638,20.403556548223484,25.15302848815918
2019-04-16,24.98362150918767,25.04603570806976,24.225731164206582,24.297061920166016,608800,0.0,0,-0.026090005338720523,0.9212619204433282,24.398531436920166,24.993879883307265,23.803182990533067,24.62250666429857,24.237354915602168,22.651146861752785,20.425622028085968,25.046031951904297
2019-04-17,24.332728329874197,24.404059086365397,24.11873435974121,24.11873435974121,533000,0.0,0,-0.00733947013884817,0.9145003460881765,24.407470607757567,24.979681821961886,23.835259393553248,24.618049856629206,24.312387000242317,22.818869583111738,20.55803607421,25.09061622619629
2019-04-18,24.17223470566958,24.466474300988143,24.136568475614265,24.33272933959961,525100,0.0,0,0.00887256257590363,0.9226143076345295,24.409895992279054,24.98038705143124,23.83940493312687,24.618049856629206,24.312387000242317,23.052796351142803,20.799344273019983,24.858787536621094
2019-04-22,24.26139231524575,24.29705853859126,23.97606933111821,24.190061569213867,493400,0.0,0,-0.0058632045914208675,0.917204831189896,24.421518802642822,24.96311252809955,23.879925077186094,24.546717342317706,24.312387000242317,23.07927907004867,21.004834805572642,24.635883331298828
2019-04-23,24.00281968417072,24.6982957533394,23.860158188032404,24.519968032836918,800200,0.0,0,0.013638099377263124,0.9297137618269697,24.45228519439697,24.939561353681995,23.965009035111947,24.488761770774804,24.312387000242317,23.132241782306163,21.018074569893667,24.564552307128903
2019-04-24,24.519970774207763,24.840960026735665,24.475389689427494,24.67154884338379,489700,0.0,0,0.006181933448847765,0.935461190429062,24.476948165893553,24.956030448706922,23.997865883080184,24.488761770774804,24.316799542059904,23.231549976327692,21.05779960447314,24.8231258392334
2019-04-25,24.573465601092305,24.87662170471667,24.537801077485472,24.707210540771484,402100,0.0,0,0.001445458394772059,0.9368133606597511,24.495449447631835,24.980120854216207,24.010778041047462,24.488761770774804,24.316799542059904,23.277894548381333,21.269657237175537,24.956867218017575
2019-04-26,24.814202950877803,24.93903131154108,24.72503910726452,24.867700576782227,761000,0.0,0,0.006495676059663058,0.9428985967789612,24.50391960144043,25.008215424527663,23.999623778353197,24.488761770774804,24.38300569351317,23.344099657941427,21.605097765611713,24.903369903564453
2019-04-29,24.90337232553695,24.965786519730795,24.609132766723636,24.609132766723636,428000,0.0,0,-0.010397736986587414,0.9330945851646312,24.517294216156007,25.0177985218798,24.016789910432212,24.453096948051083,24.38300569351317,23.538303830462144,22.042056766504345,25.42943954467773
2019-04-30,24.662628413468116,24.98361761559036,24.56454800156207,24.858787536621094,524900,0.0,0,0.010144801617513188,0.9425606446215021,24.542259788513185,25.058522485405504,24.025997091620866,24.42188790181138,24.38300569351317,23.64202733260201,22.178882875496257,25.75934219360352
2019-05-01,24.885538422831363,25.57209793849013,24.832040786743168,24.832040786743164,643300,0.0,0,-0.0010759474828982984,0.9415464988684427,24.566333866119386,25.08952764391705,24.04314008832172,24.716128063261266,24.70747315953045,23.69940455753868,22.324534826203127,25.803926467895508
2019-05-02,24.85879174017413,25.233278639088415,24.609134941337533,24.680465698242188,526600,0.0,0,-0.006104012545835369,0.9357992872268623,24.58015432357788,25.10002799788792,24.06028064926784,24.716128063261266,24.716128063261266,23.69940455753868,22.328948526946984,25.48293876647949
2019-05-03,24.733960892393675,25.14411397948981,24.725044336080803,25.03711700439453,580900,0.0,0,0.01445075269295848,0.9493222912968245,24.61448221206665,25.159519271540688,24.069445152592614,24.716128063261266,24.716128063261266,23.69940455753868,22.328948526946984,25.696928024291992
2019-05-06,24.86770392204077,25.22435934447198,24.86770392204077,25.099529266357425,486500,0.0,0,0.002492789483387492,0.9516887519209146,24.64033946990967,25.224909963483107,24.055768976336232,25.023743813958813,24.716128063261266,23.85365548563025,22.48319945503855,25.857421875
2019-05-07,24.95687349634135,25.18869889377916,24.49322270146572,24.662633895874023,422800,0.0,0,-0.01740651650662639,0.9351231659514325,24.6505934715271,25.229076581841603,24.072110361212594,25.032660319977925,24.716128063261266,23.904901171464523,22.532238869964033,25.95550346374512
2019-05-08,24.70721343075297,24.939038813620908,24.52888739054181,24.546720504760746,373900,0.0,0,-0.00469995993139527,0.9307281245405413,24.667534732818606,25.211628679856943,24.123440785780268,25.032660319977925,24.716128063261266,23.904901171464523,22.59403067148732,25.456186294555664
2019-05-09,24.4486381527056,24.725044598703747,24.350557732881413,24.609132766723636,675800,0.0,0,0.0025425906467133608,0.9330945851646312,24.666197204589846,25.210731922507925,24.121662486671767,24.961327835685772,24.716128063261266,23.938004247191152,22.638167336018753,25.79500770568848
2019-05-10,24.528886217705413,25.01928493066214,24.448638908216594,24.947954177856445,639400,0.0,0,0.013768116672155273,0.9459415402793342,24.67868003845215,25.23700863646232,24.12035144044198,24.961327835685772,24.716128063261266,23.938004247191152,22.673476005439852,25.491853713989254
2019-05-13,24.69829739336617,25.01928493066214,24.69829739336617,24.947954177856445,565800,0.0,0,0.0,0.9459415402793342,24.674221897125246,25.22224946222792,24.12619433202257,24.961327835685772,24.716128063261266,23.938004247191152,22.739682720878612,25.77717399597168
2019-05-14,24.96578818542915,25.19761356551583,24.83204323171051,24.97470474243164,514100,0.0,0,0.0010722548383923503,0.946955830672735,24.675559425354006,25.22640670472611,24.124712145981903,24.791918185984912,24.716128063261266,23.986554833956564,22.79264884866371,25.830671310424805
2019-05-15,24.9568693539596,25.3046065420686,24.85878893653021,25.15302848815918,317900,0.0,0,0.007140174331053073,0.9537172603875456,24.718357753753665,25.27795982808866,24.158755679418668,24.827582137475005,24.716128063261266,24.046410711081677,22.819129893916923,25.260025024414062
2019-05-16,25.144116401822654,25.41160631434144,25.144116401822654,25.24219512939453,660300,0.0,0,0.0035449664153692773,0.9570981560453774,24.77453079223633,25.30667713076352,24.24238445370914,24.881082023611427,24.716128063261266,24.07951313613315,22.907404649003553,24.992536544799805
2019-05-17,25.144113264294347,25.206527456049947,24.93011932019061,25.07278251647949,466400,0.0,0,-0.006711484957889535,0.950674606167855,24.811533451080326,25.31765942171832,24.30540748044233,24.881082023611427,24.716128063261266,24.11261555634521,22.94271387609426,24.46646881103516
2019-05-20,24.992536714961396,25.144114775762045,24.644797810383853,24.814208984375,1371000,0.0,0,-0.01031291728130046,0.9408703775930131,24.842740821838383,25.26003640592387,24.425445237752896,24.881082023611427,24.716128063261266,24.154901660460027,23.079894238677973,23.45000648498535
2019-05-21,24.858786941748253,25.33135417793531,24.858786941748253,25.206525802612305,566600,0.0,0,0.01581016821790837,0.9557456965340055,24.87706871032715,25.295474595101805,24.458662825552498,24.881082023611427,24.716128063261266,24.252670338113447,23.208558907865054,23.850975036621094
2019-05-22,25.224360937678156,25.26002546177844,25.04603321519912,25.15302848815918,407300,0.0,0,-0.002122359696534626,0.9537172603875453,24.90114269256592,25.324908209031136,24.477377176100703,24.930122611279018,24.716128063261266,24.354896591235235,23.24868308242639,23.76087188720703
2019-05-23,25.037115396164165,25.153027219467628,24.86770423841992,25.046031951904297,466000,0.0,0,-0.004253823204838025,0.9496603157744542,24.91808376312256,25.336481788300404,24.499685737944716,25.028202062362645,24.716128063261266,24.42993078995037,23.24868308242639,23.905038833618164
2019-05-24,25.17978009429691,25.375939243590807,25.046035142475645,25.09061622619629,324200,0.0,0,0.0017800933248670603,0.9513507997634555,24.929229545593266,25.353564281294414,24.504894809892118,25.028202062362645,24.716128063261266,24.46521842843576,23.319300432896227,24.463695526123047
2019-05-28,25.179776738743342,25.331354784116726,24.858787536621094,24.858787536621094,482200,0.0,0,-0.009239657068810914,0.9425606446215021,24.941712284088137,25.341357654403566,24.542066913772707,25.028202062362645,24.716128063261266,24.46521842843576,23.522334017398123,24.824113845825195
2019-05-29,24.7517968761526,24.96578915050638,24.53780460179882,24.635883331298828,527400,0.0,0,-0.008966817267088811,0.9341088755580317,24.930567073822026,25.350965474426463,24.51016867321759,24.97470545807013,24.716128063261266,24.42955217128001,23.535574518961276,24.7790641784668
2019-05-30,24.644799621724864,24.921207794515126,24.51997122153533,24.564552307128903,621700,0.0,0,-0.0028954116729114077,0.9314042458159708,24.917192649841308,25.36567388712246,24.468711412560157,24.947955232563068,24.961327835685772,24.400574385508563,23.548815564731257,24.85114860534668
2019-05-31,24.42188929092258,24.92120626230033,24.243563258852777,24.8231258392334,527900,0.0,0,0.010526287182911709,0.941208474390813,24.92432565689087,25.361804950625384,24.486846363156353,24.80975125122179,24.907830598671453,24.402780656417356,23.601777043191255,24.95927619934082
2019-06-03,24.858786808982437,25.05494762705272,24.68937735785144,24.956867218017575,710900,0.0,0,0.0053877734677876266,0.9462794924367927,24.920313167572022,25.35501410440963,24.485612230734414,24.80975125122179,24.907830598671453,24.402780656417356,23.68122632561432,25.013341903686523
2019-06-04,25.0371148353524,25.1441118011782,24.56454759566532,24.903369903564453,564500,0.0,0,-0.002143590939751361,0.9442510562903327,24.91050519943237,25.33728376743077,24.483726631433974,24.80975125122179,24.907830598671453,24.435883732143985,23.68122632561432,24.66193008422852
2019-06-05,24.95687221636899,25.50077030171873,24.88554145932799,25.42943954467773,635800,0.0,0,0.021124435895640836,0.9641978271983289,24.94884548187256,25.415987098308083,24.481703865437037,24.872166780285752,24.907830598671453,24.418051320782126,23.68122632561432,24.598852157592773
2019-06-06,25.49185229507373,25.875255730116574,25.367023902514408,25.75934219360352,559900,0.0,0,0.01297325677768768,0.9767066131950614,25.009476566314696,25.560366857816557,24.458586274812834,25.059409494484676,25.059409494484676,24.402446797662275,23.738604932463776,24.346559524536133
2019-06-07,25.88417378222241,26.01791873921412,25.759343681792007,25.803926467895508,467200,0.0,0,0.0017308001872446965,0.9783970971840625,25.069216251373287,25.689098968781604,24.44933353396497,25.13074099903345,25.13074099903345,24.71180061139586,24.005693590183434,24.148324966430664
2019-06-10,26.00008721223945,26.062501415935728,25.45618909318416,25.48293876647949,626900,0.0,0,-0.012439490626179772,0.9662263356649599,25.09596548080444,25.73861320763813,24.45331775397075,25.15303233739425,25.15303233739425,24.716128063261266,24.005693590183434,24.040197372436523
2019-06-11,25.527516848027044,25.75042566392224,25.402688455336715,25.696928024291992,1411600,0.0,0,0.008397354001179247,0.9743400802508008,25.13341417312622,25.82328196810555,24.443546378146888,25.15303233739425,25.15303233739425,24.716128063261266,24.005693590183434,24.50874900817871
2019-06-12,25.723676929571507,26.07141412781744,25.59884683993356,25.857421875,742300,0.0,0,0.006245643469767526,0.980425461010352,25.177550029754634,25.93182624988334,24.42327380962593,25.15748869333511,25.15748869333511,24.86993593861004,24.005693590183434,24.03118705749512
2019-06-13,25.91983723634031,26.169495726196,25.910920679489102,25.95550346374512,578800,0.0,0,0.0037931696833222173,0.9841443811458137,25.217673778533932,26.04512062525389,24.390226931813974,25.36702166093066,25.20652949252439,24.874394191619594,24.005693590183434,23.778892517089844
2019-06-14,25.85742284657661,26.071415107434685,25.456186294555668,25.456186294555664,883800,0.0,0,-0.019237429545025275,0.9652119729513886,25.22837333679199,26.06239130565389,24.39435536793009,25.36702166093066,25.20652949252439,24.874394191619594,24.005693590183434,24.040197372436523
2019-06-17,25.56318233974516,25.946585764164524,25.482935032277883,25.79500770568848,850200,0.0,0,0.013309983169210282,0.9780589280660918,25.26448459625244,26.130703944279567,24.398265248225314,25.527518592761993,25.20652949252439,24.83872794947352,24.005693590183434,24.33755111694336
2019-06-18,25.893090284776672,26.13383052658973,25.32244252847241,25.491853713989254,930600,0.0,0,-0.011752428809407633,0.9665643601425895,25.29836683273315,26.144033823483664,24.45269984198264,25.745969127334206,25.20652949252439,24.83872794947352,24.005693590183434,24.130306243896484
2019-06-19,25.43835336168929,25.875254414085177,25.33135638732373,25.77717399597168,748300,0.0,0,0.01119260628056451,0.9773827344704913,25.32689924240112,26.19667415843801,24.457124326364227,25.745969127334206,25.20652949252439,24.83872794947352,24.005693590183434,24.256452560424805
2019-06-20,25.928751727314133,26.00899903192191,25.723676038053892,25.830671310424805,779000,0.0,0,0.002075375464412277,0.9794111706169515,25.3607813835144,26.25356727954376,24.46799548748504,25.745969127334206,25.20652949252439,24.75402312462309,24.005693590183434,24.32853889465332
2019-06-21,25.67017809875057,25.67017809875057,25.17086116471837,25.260025024414062,1560900,0.0,0,-0.022091810125756894,0.9577742050006365,25.37148103713989,26.253878885427905,24.489083188851875,25.670178445457186,25.20652949252439,24.771855100368136,24.045418526432023,25.761219024658203
2019-06-24,25.34919030288504,25.36702341595412,24.94795376212711,24.992536544799805,717500,0.0,0,-0.010589398836926223,0.9476319519481649,25.366577053070067,26.256303516613368,24.476850589526766,25.558724744161555,25.20652949252439,24.798605043436346,24.111623376534975,25.15751075744629
2019-06-25,25.054947869625337,25.18869280100328,24.457552255522085,24.46646881103516,707100,0.0,0,-0.02104899327931975,0.9276852533603392,25.346961116790773,26.29655864497426,24.397363588607284,25.313523990859043,25.20652949252439,24.798605043436346,24.177828216959092,24.986309051513672
2019-06-26,24.430805603891883,24.439722160505312,23.351927763556198,23.45000648498535,1345000,0.0,0,-0.04154511768332303,0.8891444603364006,25.287667274475098,26.51764741279527,24.057687136154925,24.742879145072962,24.760711744876097,24.798605043436346,24.191068078643312,25.04037094116211
2019-06-27,23.607690984753965,23.905039686929,23.607690984753965,23.850975036621094,1337200,0.275,0,0.01709886740937483,0.9043478235714728,25.251988410949707,26.6008085367686,23.903168285130814,24.742879145072962,24.760711744876097,24.798605043436346,24.252861632790406,24.50874900817871
2019-06-28,23.88701930684513,24.247441733403758,23.688787401895304,23.76087188720703,2829500,0.0,0,-0.003777755386340287,0.9009314187098506,25.19887571334839,26.68893439967192,23.70881702702486,24.742879145072962,24.760711744876097,24.82312533727014,24.314652810658366,24.454683303833008
2019-07-01,24.03118624257445,24.03118624257445,23.472530239741744,23.905038833618164,1146400,0.0,0,0.006067409777532395,0.9063977388086168,25.146284294128417,26.73867760974912,23.553890978507713,24.680463397739054,24.760711744876097,24.872165062811955,24.46472120808863,25.45486068725586
2019-07-02,23.94108257076096,24.535780012427136,23.94108257076096,24.463695526123047,706900,0.0,0,0.02336982995063086,0.9275800998322106,25.12430057525635,26.741717379609376,23.506883770903322,24.680463397739054,24.760711744876097,24.872165062811955,24.539753292728783,25.99549102783203
2019-07-03,24.48171302225281,24.923230642561947,24.48171302225281,24.824113845825195,407200,0.0,0,0.014732783087382906,0.9412459362392115,25.094034290313722,26.71011804639665,23.477950534230793,24.511052931153383,24.760711744876097,24.872165062811955,24.539753292728783,25.87835121154785
2019-07-05,24.661927540365618,24.878180985142137,24.346557288913758,24.7790641784668,427700,0.0,0,-0.001814754300523469,0.9395378061285712,25.04502038955689,26.636426825428135,23.453613953685643,24.359475589755156,24.760711744876097,24.8454167606657,24.539753292728783,25.779237747192383
2019-07-08,24.734011967503385,25.05839127463921,24.6709365424482,24.85114860534668,733200,0.0,0,0.002909085926760646,0.9422710023380394,24.997381496429448,26.5512631095618,23.443499883297097,24.270310282279738,24.760711744876097,24.95464153412442,24.539753292728783,25.517934799194336
2019-07-09,24.806096461389096,24.959276199340817,24.72500120490703,24.95927619934082,726600,0.0,0,0.004351009915528614,0.9463708328123273,24.971198368072514,26.50885893818239,23.43353779796264,24.205159519097705,24.760711744876097,24.85879092494662,24.54416583454637,25.48189353942871
2019-07-10,25.040374231720463,25.166521658619278,24.869172924765085,25.013341903686523,1589700,0.0,0,0.0021661567392379233,0.9484208203696419,24.93701906204224,26.438200333822856,23.435837790261623,24.31952594918051,24.760711744876097,24.85879092494662,24.54416583454637,25.57199478149414
2019-07-11,24.968287873623662,25.076415466480025,24.526770163500625,24.66193008422852,913300,0.0,0,-0.014048975175372846,0.9350964798084621,24.877244472503666,26.320544219139226,23.433944725868106,24.31952594918051,24.760711744876097,24.85879092494662,24.610371985999635,25.986482620239254
2019-07-12,24.68895818939578,24.77906422119879,24.50874784441937,24.598852157592773,513800,0.0,0,-0.0025577043816243927,0.9327047794448144,24.809411907196047,26.167757858810717,23.451065955581377,24.31952594918051,24.760711744876097,24.889998689478603,24.610371985999635,26.12164306640625
2019-07-15,24.688960413882512,24.752034126238705,24.328537972825856,24.346559524536133,575500,0.0,0,-0.010256276652273244,0.923138701191931,24.753930568695072,26.092359656278113,23.41550148111203,24.553802114690118,24.760711744876097,25.059409494484676,24.761950881812854,25.959449768066406
2019-07-16,24.31952626384988,24.409632300314183,24.049209873086657,24.148324966430664,1114100,0.0,0,-0.008142200047020598,0.9156223212156795,24.671596431732176,25.943993071874406,23.399199791589947,24.607865765852967,24.760711744876097,25.13074099903345,24.930383559892448,25.986482620239254
2019-07-17,24.16634478325631,24.319524518664444,23.77889005730459,24.040197372436523,910000,0.0,0,-0.00447764365207326,0.9115224907413916,24.599013614654545,25.84089031806767,23.35713691124142,24.472705857961934,24.760711744876097,25.15303233739425,24.961329801984064,26.25680160522461
2019-07-18,24.058220546400644,24.517758065020143,23.868997698766417,24.50874900817871,919400,0.0,0,0.019490340635863967,0.9292883745831925,24.535592365264897,25.652278745490225,23.41890598503957,24.472705857961934,24.760711744876097,25.15303233739425,24.961329801984064,25.92340660095215
2019-07-19,24.51775687899051,24.607862910713244,24.004154732389416,24.03118705749512,706900,0.0,0,-0.019485366247139924,0.9111808502552297,24.44561815261841,25.408206537646443,23.48302976759038,24.472705857961934,24.760711744876097,25.15748869333511,24.965786157924924,25.92340660095215
2019-07-22,24.07624124380229,24.07624124380229,23.75186190833492,23.778892517089844,438000,0.0,0,-0.010498629959546202,0.9016146996821753,24.3715615272522,25.2990164825691,23.4441065719353,24.4591917834771,24.742879145072962,25.286775576727525,25.014826957114202,25.734188079833984
2019-07-23,23.760870226208603,24.12129262757198,23.670764196210364,24.040197372436523,382800,0.0,0,0.010988941354559634,0.9115224907413917,24.323944568634037,25.21570601671626,23.432183120551812,24.373589831345193,24.742879145072962,25.286775576727525,25.014826957114202,25.57199478149414
2019-07-24,24.031191582576227,24.40963561216916,23.95910708735043,24.33755111694336,486200,0.0,0,0.01236902259578665,0.9227971330259397,24.317498683929443,25.206880935305705,23.428116432553182,24.224914208704575,24.742879145072962,25.36702404264319,25.014826957114202,26.00450325012207
2019-07-25,24.346559710179417,24.42765497486424,23.977126490450686,24.130306243896484,358800,0.0,0,-0.008515436579919267,0.914939112563526,24.351513671875,25.152295011533372,23.55073233221663,24.211399161224534,24.680463397739054,25.476249309929297,25.014826957114202,26.03153419494629
2019-07-26,24.12129436500691,24.28348488696026,24.04920987954205,24.256452560424805,542400,0.0,0,0.005227713036598081,0.9197221516899678,24.371787548065186,25.14039629761488,23.60317879851549,24.139313553461804,24.680463397739054,25.476249309929297,25.014826957114202,26.211746215820312
2019-07-29,24.355571223243007,24.60786608222743,24.274475956103775,24.32853889465332,966600,0.0,0,0.002971841576955292,0.9224554202196069,24.4001708984375,25.116005459509093,23.68433633736591,24.139315139218898,24.511052931153383,25.476249309929297,25.014826957114202,26.22075653076172
2019-07-30,24.517759438081008,25.914398778986413,24.47270727683204,25.761219024658203,2171500,0.0,0,0.05888886859209386,0.9767777762429841,24.4929799079895,25.388840538621523,23.59711927735748,24.79258148759839,24.633163271271307,25.43835396899079,25.014826957114202,26.58118438720703
2019-07-31,25.770229774128943,25.90538797636664,24.905214186274083,25.15751075744629,1032000,0.0,0,-0.023434770949078754,0.9538872127885792,24.527670669555665,25.469378430497407,23.585962908613922,24.79258148759839,24.633163271271307,25.382627118342974,25.014826957114202,26.337894439697266
2019-08-01,25.20256251535947,25.319700882419543,24.905213787742777,24.986309051513672,698400,0.0,0,-0.006805192595692122,0.947395826590985,24.535780429840088,25.490405917724956,23.58115494195522,24.79258148759839,24.633163271271307,25.260026741691718,25.014826957114202,26.473052978515625
2019-08-02,24.95927568634681,25.22058128181754,24.824115782568278,25.04037094116211,523500,0.0,0,0.0021636604885091337,0.9494456695079584,24.548845767974854,25.523593085107265,23.574098450842442,24.79258148759839,24.693464509364077,24.75179544497453,24.760711744876097,26.81545639038086
2019-08-05,24.83312833199073,24.83312833199073,24.184367965737003,24.50874900817871,725000,0.0,0,-0.02123059335792432,0.9292883745831927,24.531725788116454,25.496502810340647,23.56694876589226,24.93675293316842,24.693464509364077,24.75179544497453,24.760711744876097,26.851497650146484
2019-08-06,24.48171562908403,24.779064332326765,24.28348373313208,24.454683303833008,596700,0.0,0,-0.002205975683526762,0.927238387025878,24.506496143341064,25.451197518681656,23.56179476800047,24.945762634718548,24.693464509364077,24.75179544497453,24.760711744876097,26.6262321472168
2019-08-07,24.37359158123021,25.51793440335855,24.265465701805567,25.45486068725586,1091600,0.0,0,0.04089921635853222,0.9651617104327859,24.52857208251953,25.538719219785953,23.51842494525311,24.981804329264232,24.79258148759839,24.720587571307576,24.760711744876097,26.076587677001957
2019-08-08,25.427824237635622,26.085597058504597,25.364750531753707,25.99549102783203,1041700,0.0,0,0.021238786069917248,0.9856605735235432,24.595250129699707,25.79270766755464,23.397792591844773,25.1349825121208,24.87818062735748,24.720587571307576,24.760711744876097,26.283832550048828
2019-08-09,25.923405083655656,26.05856326272008,25.671108555740428,25.87835121154785,735100,0.0,0,-0.004506159016529621,0.9812190302429223,24.659225082397462,25.982186096842245,23.33626406795268,25.1349825121208,24.87818062735748,24.63588233801474,24.760711744876097,26.31086540222168
2019-08-12,25.79725757853632,25.94142825969502,25.72517309727177,25.779237747192383,525100,0.0,0,-0.003829976011425318,0.9774609848951379,24.730858993530273,26.132051947384642,23.329666039675903,25.1349825121208,24.87818062735748,24.560093667315627,24.760711744876097,26.112628936767575
2019-08-13,25.71616844559764,25.887368043780636,25.48189341170367,25.517934799194336,796000,0.0,0,-0.0101361782128917,0.9675532661560922,24.799339485168456,26.213913583460105,23.384765386876808,25.1349825121208,24.87818062735748,24.515511013577918,24.760711744876097,26.13966178894043
2019-08-14,25.319702998333007,25.734188409017676,25.18454478696322,25.48189353942871,782000,0.0,0,-0.0014123893665078935,0.9661867042114434,24.871424293518068,26.27059632186499,23.472252265171146,25.1349825121208,24.87818062735748,24.4829356319869,24.760711744876097,26.157684326171875
2019-08-15,25.508921071709626,25.70715469518062,25.445847361925104,25.57199478149414,508000,0.0,0,0.003535892728145029,0.969603036752895,24.92458658218384,26.34546427641691,23.50370888795077,25.1349825121208,24.87818062735748,24.540118847028303,24.760711744876097,26.25680160522461
2019-08-16,25.57199552883804,26.013514947492517,25.55397569596561,25.986482620239254,755600,0.0,0,0.01620866272994359,0.9853190053575518,25.022351360321046,26.45303529430434,23.591667426337754,25.175531380155082,24.87818062735748,24.540118847028303,24.760711744876097,26.391958236694336
2019-08-19,26.16669694903752,26.23878144261765,26.09461073682749,26.12164306640625,363000,0.0,0,0.005201182789614123,0.9904438296104972,25.139488887786865,26.52624115691638,23.752736618657348,25.25212357221161,24.954772819414007,24.540118847028303,24.760711744876097,26.617223739624023
2019-08-20,26.193724776968185,26.193724776968185,25.75220708587128,25.959449768066406,1082600,0.0,0,-0.006209153762935848,0.9842940115788945,25.23545150756836,26.568661288779214,23.902241726357506,25.711663114790433,24.954772819414007,24.65725692978311,24.760711744876097,27.130828857421875
2019-08-21,26.08559943487145,26.337894281382876,25.869344254104888,25.986482620239254,925900,0.0,0,0.001041349197089092,0.9853190053575518,25.317898082733155,26.622120148415636,24.013676017050674,25.761219534173048,25.004329238796622,24.684288755364534,24.760711744876097,26.9534969329834
2019-08-22,26.09461106298461,26.29284471178013,25.968463627300128,26.25680160522461,398700,0.0,0,0.010402292181505901,0.9955685815432718,25.42422285079956,26.668552209832388,24.17989349176673,25.761219534173048,25.004329238796622,24.616708801419016,24.760711744876097,27.080810546875
2019-08-23,26.157681593736367,26.364924261673696,25.85132211999005,25.92340660095215,705300,0.0,0,-0.01269747204115379,0.982927377314075,25.50757055282593,26.645517482861635,24.369623622790222,25.774734524318458,25.01784422894203,24.616708801419016,24.760711744876097,26.68069076538086
2019-08-26,26.11262771899156,26.11262771899156,25.689131608167934,25.92340660095215,637900,0.0,0,0.0,0.982927377314075,25.58731393814087,26.59880022222433,24.57582765405741,25.774734524318458,25.01784422894203,24.616708801419016,24.760711744876097,26.47153663635254
2019-08-27,26.10362132154635,26.35591790653791,25.725177303373943,25.734188079833984,551700,0.0,0,-0.00729913795786441,0.9757528547844977,25.58596239089966,26.59657801427241,24.57534676752691,25.9053858117994,25.01784422894203,24.60103546427503,24.760711744876097,26.753437042236328
2019-08-28,25.689133144205133,25.85132366572515,25.562985724636093,25.57199478149414,288500,0.0,0,-0.006302639035538182,0.969603036752895,25.60668659210205,26.59791336887188,24.615459815332223,25.959449978819656,25.162015674512062,24.558234488209077,24.760711744876097,26.971683502197266
2019-08-29,25.71616531082522,26.02252308235586,25.69814375996175,26.00450325012207,293300,0.0,0,0.0169133644959496,0.9860022863298764,25.65759630203247,26.620005590364446,24.695187013700494,25.963954993154893,25.17102537606219,24.48389667688877,24.760711744876097,26.753437042236328
2019-08-30,26.02252341939784,26.17570316646198,25.93241910117282,26.03153419494629,545100,0.0,0,0.0010394716855086639,0.9870272077883632,25.70715446472168,26.638575186396828,24.77573374304653,25.963954993154893,25.207067070607874,24.445931279481794,24.760711744876097,26.2169132232666
2019-09-03,25.941429824430703,26.427999672657943,25.8963759467793,26.211746215820312,407600,0.0,0,0.006922835186141674,0.9938602344721196,25.79230432510376,26.566465489906033,25.018143160301488,25.99549269864702,25.30618381919747,24.40988847560043,24.760711744876097,26.262380599975582
2019-09-04,26.328882397966364,26.518105243519003,26.1486720464154,26.22075653076172,497400,0.0,0,0.0003437510369288521,0.9942018749582817,25.880607986450194,26.373706987011413,25.387508985888974,26.040545484077548,25.351236604628003,24.32518403518614,24.760711744876097,26.298757553100582
2019-09-05,26.17570800571288,26.83348099331784,25.887370009374827,26.58118438720703,1626300,0.0,0,0.013745898445854055,1.007868072966136,25.936924171447753,26.478134615545052,25.395713727350454,26.198233358976964,25.508924479527423,24.71287237943485,24.760711744876097,26.46244239807129
2019-09-06,26.635243166751447,26.635243166751447,26.1937254640728,26.337894439697266,686200,0.0,0,-0.009152712834980203,0.998643345918732,25.954044342041016,26.52284785142745,25.38524083265458,26.198233358976964,25.508924479527423,24.71287237943485,24.760711744876097,26.34422492980957
2019-09-09,26.35591632880692,26.536128409960074,25.97747233328912,26.473052978515625,614700,0.0,0,0.00513171389337197,1.0037680978515067,25.983779430389404,26.59473552513801,25.3728233356408,26.198233358976964,25.508924479527423,24.71287237943485,24.760711744876097,26.2351016998291
2019-09-10,26.382949445043224,26.824467166570788,26.193726582314365,26.81545639038086,790100,0.0,0,0.012934035683119571,1.0167508702466952,26.035590362548827,26.738302958612895,25.33287776648476,26.198233358976964,25.508924479527423,24.743022998481234,24.760711744876097,26.48063087463379
2019-09-11,26.833477816481253,26.896551530884103,26.64425495464289,26.851497650146484,536400,0.0,0,0.001344047971473472,1.0181174321913442,26.102268505096436,26.848086664268685,25.356450345924188,26.297347645422924,25.581008616344835,24.81510872126625,24.760711744876097,26.871654510498047
2019-09-12,26.98665630160849,27.02269768586981,26.6262321472168,26.6262321472168,463500,0.0,0,-0.008389308703176002,1.0095761307566062,26.15948543548584,26.881080379085063,25.43789049188662,26.455033847622317,25.64408169383769,24.819613572041312,24.760711744876097,27.01715087890625
2019-09-13,26.617222171297044,26.82446484987743,26.031533799943382,26.076587677001957,549400,0.0,0,-0.020642968452158406,0.9887354825393455,26.18471508026123,26.855334169480827,25.514095991041636,26.455033847622317,26.103621236416515,24.88719290843131,24.760711744876097,27.15356063842773
2019-09-16,26.1036204640278,26.328884712239176,26.04054674950938,26.283832550048828,468800,0.0,0,0.007947545730059291,0.9965935030017592,26.19958257675171,26.865072786145987,25.53409236735743,26.455033847622317,26.103621236416515,25.00658156973914,24.760711744876097,27.24449348449707
2019-09-17,26.265811520504776,26.382949894338868,26.10362098358364,26.31086540222168,453300,0.0,0,0.001028497351798885,0.9976184967804165,26.20904369354248,26.875220038214927,25.542867348870033,26.455033847622317,26.103621236416515,25.00658156973914,24.760711744876097,27.308149337768555
2019-09-18,26.355914715846517,26.355914715846517,25.968459968119987,26.112628936767575,440300,0.0,0,-0.00753439548352397,0.9901020444839941,26.21670265197754,26.874606448505876,25.5587988554492,26.4955788269949,26.103621236416515,25.00658156973914,24.760711744876097,27.399084091186523
2019-09-19,26.3018523115905,26.400967405386883,26.139661788940437,26.13966178894043,468300,0.0,0,0.0010352405435054557,0.9911270382626516,26.224361610412597,26.874810651343306,25.573912569481887,26.4955788269949,26.103621236416515,25.00658156973914,24.760711744876097,27.299055099487305
2019-09-20,26.21174726288347,26.473052889181,26.058567510009134,26.157684326171875,965400,0.0,0,0.0006894709417806233,0.9918103915551467,26.219405746459962,26.870305714497054,25.56850577842287,26.4955788269949,26.23427252389746,25.00658156973914,24.760711744876097,27.162654876708984
2019-09-23,26.13065416954013,26.41899214746461,26.10362183962349,26.25680160522461,472300,0.0,0,0.0037892222345372595,0.9955685815432725,26.236075496673585,26.872561866623087,25.599589126724084,26.4955788269949,26.28833669091771,25.00658156973914,24.760711744876097,26.60794258117676
2019-09-24,26.30185220020038,26.44602117113883,26.148672453749565,26.391958236694336,533400,0.0,0,0.005147490296107948,1.0006932611558765,26.259503078460693,26.882433357785615,25.63657279913577,26.4955788269949,26.292841705252954,25.02685600375628,24.760711744876097,27.080810546875
2019-09-25,26.37393794506201,26.70732806179089,26.37393794506201,26.617223739624023,445000,0.0,0,0.00853538418443267,1.0092345625906147,26.303654861450195,26.895462998807176,25.711846724093213,26.39646240899871,26.292841705252954,25.10344819581281,24.795354603086924,26.9534969329834
2019-09-26,26.734363266431902,27.139839634334145,26.734363266431902,27.130828857421875,461900,0.0,0,0.019295968761507964,1.0287087211833974,26.381596565246582,26.978065574082535,25.78512755641063,26.554149801227066,26.35141267948512,25.33321796710222,24.795354603086924,27.15356063842773
2019-09-27,27.2263066526944,27.28996173361904,26.844374432675693,26.9534969329834,387500,0.275,0,-0.006536177916656838,1.0219848979573263,26.42904624938965,27.048763684609128,25.809328814170172,26.629210850869512,26.426473729127565,25.382774386484833,24.84491102246954,27.38999366760254
2019-09-30,26.94440481113267,27.20812071679879,26.9353127142561,27.080810546875,499800,0.0,0,0.0047234544077212615,1.0268121970282074,26.481510066986083,27.134855033563433,25.828165100408732,26.629210850869512,26.426473729127565,25.382774386484833,24.84491102246954,27.162654876708984
2019-10-01,27.080810674199544,27.189933181941285,26.53519293207788,26.68069076538086,653300,0.0,0,-0.014775029750367374,1.0116410162690754,26.504957294464113,27.15144325221768,25.858471336710547,26.67426462181409,26.426473729127565,25.396289376630243,24.85842601261495,26.826190948486328
2019-10-02,26.66250188340381,26.66250188340381,26.28966348580484,26.47153663635254,545400,0.0,0,-0.007839157196773416,1.0037106033158385,26.51749629974365,27.150902391367623,25.88409020811968,26.67426462181409,26.426473729127565,25.396289376630243,24.85842601261495,26.526098251342773
2019-10-03,26.435159912864258,26.91712252216887,26.371504833884003,26.753437042236328,711200,0.0,0,0.010649189344628551,1.0143993075777602,26.526108932495116,27.16746584876926,25.884752016220972,26.696791786621265,26.426473729127565,25.461615020370715,24.85842601261495,26.598848342895508
2019-10-04,26.844373345503925,26.971683502197266,26.67159403679811,26.971683502197266,527700,0.0,0,0.008157698004050307,1.0226744707844972,26.557798385620117,27.22131731057691,25.894279460663324,26.719317093684303,26.494052746790395,25.56073282666586,24.85842601261495,26.526098251342773
2019-10-07,26.93531018315489,26.989871431642133,26.7079696242421,26.753437042236328,335300,0.0,0,-0.008091688453305435,1.01439930757776,26.57181758880615,27.239462121384342,25.90417305622796,26.78981260971194,26.588665871496936,25.56749018460854,24.85842601261495,26.289663314819336
2019-10-08,26.280568302341116,26.707969663791385,26.10778899165971,26.2169132232666,745200,0.0,0,-0.0200543884556853,0.9940561498144174,26.54189043045044,27.21686652246859,25.86691433843229,26.698875362639377,26.588665871496936,25.58551103188138,24.85842601261495,26.353317260742188
2019-10-09,26.380598661902805,26.40788015337928,26.053227702068423,26.262380599975582,668900,0.0,0,0.0017342765077557054,0.9957801180424306,26.512434577941896,27.18213536460276,25.84273379128103,26.671594717843732,26.588665871496936,25.650838258922246,24.88996371810707,26.589752197265625
2019-10-10,26.28966372204439,26.371506467079207,26.12597823197476,26.298757553100582,414200,0.0,0,0.0013851354025777862,0.9971594083371143,26.496060848236084,27.169877008435684,25.822244688036484,26.630674209433607,26.588665871496936,25.695891044352777,24.9350165035376,26.50791358947754
2019-10-11,26.40788114753514,26.66250147301775,26.35331816252811,26.46244239807129,273600,0.0,0,0.006224052396399449,1.0033657807421672,26.51535358428955,27.16124428067992,25.86946288789918,26.621580442004856,26.629210850869512,25.853578919252193,25.09270437843702,26.571563720703125
2019-10-14,26.489722757523246,26.489722757523246,26.13507201928002,26.34422492980957,219600,0.0,0,-0.004467367995870775,0.9988833765651277,26.518373203277587,27.160417815479057,25.876328591076117,26.521549566855278,26.629210850869512,25.853578919252193,25.09270437843702,26.653409957885746
2019-10-15,26.353318031146543,26.453348435356528,26.116883634040786,26.2351016998291,531600,0.0,0,-0.004142206888652522,0.9947457949617592,26.51458501815796,27.162413172434427,25.86675686388149,26.521549566855278,26.629210850869512,25.853578919252193,25.09270437843702,26.262380599975582
2019-10-16,26.207821144616062,26.489722971277203,26.053229484613965,26.48063087463379,225200,0.0,0,0.009358804002893795,1.0040554258895091,26.532985115051268,27.154175786262815,25.91179444383972,26.521549566855278,26.629210850869512,25.853578919252193,25.15300561652979,25.825889587402344
2019-10-17,26.52609760944768,26.898936003135272,26.47153635864413,26.871654510498047,521000,0.0,0,0.014766401817066344,1.0188817117547992,26.56958475112915,27.179807833705564,25.959361668552734,26.521549566855278,26.629210850869512,25.93917813088388,25.184540885312924,25.96229362487793
2019-10-18,26.83527947454361,27.035338539683757,26.753436735515645,27.01715087890625,433000,0.0,0,0.005414492373417623,1.0243984390125103,26.61255807876587,27.22173976541542,26.003376392116316,26.544283120876088,26.629210850869512,26.049557770730004,25.24761396280578,26.02594947814941
2019-10-21,27.03534256026388,27.189934230921267,26.989875136029195,27.15356063842773,304400,0.0,0,0.005049006097381792,1.0295706329772327,26.657396030426025,27.287126497783184,26.027665563068865,26.621580966494847,26.629210850869512,26.279327542019416,25.346730941040086,26.32604217529297
2019-10-22,27.16265247378396,27.289962639860946,27.044434404308827,27.24449348449707,312200,0.0,0,0.0033488369087275593,1.033018497113089,26.700022792816164,27.366849892939292,26.033195692693035,26.671596062237455,26.629211303990466,26.279327542019416,25.346730941040086,26.78072166442871
2019-10-23,27.353616757056063,27.426365668598603,27.13537002242846,27.308149337768555,364600,0.0,0,0.002336466754564892,1.0354321104884443,26.73456907272339,27.450962454736473,26.018175690710304,26.739797576606286,26.697412818359297,26.279327542019416,25.346730941040086,26.53519058227539
2019-10-24,27.399084091186527,27.49911449467319,27.27177393000049,27.399084091186523,439200,0.0,0,0.00332994932366959,1.038880046944471,26.747981834411622,27.502982962183964,25.99298070663928,26.77617198964358,26.776171098370806,26.299600031705708,25.346730941040086,26.135072708129883
2019-10-25,27.39908376732074,27.49002033900909,27.208118527798955,27.299055099487305,240600,0.0,0,-0.003650815164708221,1.0350872879147734,26.765259742736816,27.553727250816276,25.976792234657356,26.77617198964358,26.776171098370806,26.299600031705708,25.346730941040086,26.335132598876957
2019-10-28,27.33543247896356,27.41727523138776,27.080812124284787,27.162654876708984,342200,0.0,0,-0.0049965180949022026,1.029915455550904,26.769351959228516,27.565223284640034,25.973480633816997,26.77617198964358,26.776171098370806,26.36492567544618,25.346730941040086,26.37150764465332
2019-10-29,27.053529924741863,27.426368349652893,26.58066108625484,26.60794258117676,1015700,0.0,0,-0.02042187326864975,1.0088826526402197,26.76571455001831,27.56385985731955,25.96756924271707,26.98532542665866,26.776171098370806,26.391957758956305,25.346730941040086,26.380599975585938
2019-10-30,26.626129386323196,27.26268197041313,26.626129386323196,27.080810546875,1129000,0.0,0,0.01777168468608914,1.026812197028207,26.796178245544432,27.59358655959196,25.998769931496906,27.039887790464014,26.776171098370806,26.394210266123928,25.346730941040086,26.48971939086914
2019-10-31,27.1353700794574,27.380898306856043,26.571564712964687,26.9534969329834,1421200,0.0,0,-0.00470124827583096,1.0219848979573258,26.806181240081788,27.6062375242494,26.006124955914174,27.03533960381894,26.776171098370806,26.34465205712583,25.346730941040086,26.49881935119629
2019-11-01,27.080811718969613,27.308152309085127,26.917126216571077,27.15356063842773,754000,0.0,0,0.007422550993726906,1.029570632977233,26.81527509689331,27.626826802207265,26.003723391579353,27.03533960381894,26.776171098370806,26.452781240356092,25.405301915272254,26.43515968322754
2019-11-04,27.199026679690537,27.535491499120745,27.16265308904647,27.38999366760254,800400,0.0,0,0.008707256934849639,1.0385353690111414,26.847102928161622,27.695943360628274,25.99826249569497,27.053528106042716,26.794359600594582,26.52784228999854,25.480362964914704,25.725860595703125
2019-11-05,27.344526310840813,27.45365055889677,27.07171829240753,27.162654876708984,748200,0.0,0,-0.008300067303865677,1.029915455550904,26.89439001083374,27.70143596454988,26.087344057117598,27.053528106042716,26.794359600594582,26.52784228999854,25.480362964914704,25.56217193603516
2019-11-06,27.2626844866293,27.28087215100304,26.735254361088757,26.826190948486328,848200,0.0,0,-0.012387004501211774,1.0171578881671275,26.922580528259278,27.676429467395934,26.168731589122622,27.053528106042716,26.794359600594582,26.550369175470827,25.480362964914704,25.398487091064453
2019-11-07,26.85346923302781,26.971685568374664,26.462443168119776,26.526098251342773,655600,0.0,0,-0.01118655636649335,1.0057793941175226,26.933947563171387,27.6556583652654,26.212236761077374,26.99896733362026,26.794359600594582,26.550369175470827,25.480362964914704,25.744047164916992
2019-11-08,26.46244433931332,26.78072150398576,26.453350507811702,26.598848342895508,460000,0.0,0,0.00274258546671291,1.0085378300665486,26.9407678604126,27.64676527841376,26.23477044241144,26.994421003466222,26.794359600594582,26.561632757874413,25.480362964914704,25.744047164916992
2019-11-11,26.56247184126837,26.76253265650741,26.335131267202858,26.526098251342773,458400,0.0,0,-0.002735084264359311,1.0057793941175226,26.949861526489258,27.628767091040448,26.270955961938068,26.935311383161803,26.794359600594582,26.60668492023735,25.624534410484735,26.226009368896484
2019-11-12,26.52609771520524,26.75343828467581,26.280569483904003,26.289663314819336,700400,0.0,0,-0.008913294909908887,0.9968145857634436,26.95258960723877,27.620208083310565,26.284971131166976,26.908030491512374,26.794359600594582,26.689239240604437,25.633544112034862,26.20781898498535
2019-11-13,26.3078498425964,26.426066170457943,26.27147452050311,26.353317260742188,545800,0.0,0,0.0024212537513543797,0.9992281268186282,26.94622392654419,27.634065211327858,26.25838264176052,26.90348300981193,26.794359600594582,26.643770617068157,25.669585806580546,26.835281372070312
2019-11-14,26.43516054413445,26.607939858685963,26.30785038313379,26.589752197265625,630700,0.0,0,0.008971733394476544,1.008192935172707,26.932128810882567,27.637033477892086,26.22722414387305,26.90348300981193,26.794360491867355,26.630130294670334,25.737164849678024,26.44425392150879
2019-11-15,26.67159909884701,26.753441853531758,26.37150957649335,26.50791358947754,881300,0.0,0,-0.003077825140337387,1.005089893610522,26.906666946411132,27.63412355828584,26.179210334536425,26.862562539699937,26.794360491867355,26.60967004046527,25.737164849678024,26.45334815979004
2019-11-18,26.57156372070313,26.707969442700268,26.480628885332774,26.571563720703125,626800,0.0,0,0.0024011746911252185,1.0075032900253653,26.877567100524903,27.609788907700192,26.145345293349614,26.776173335753075,26.794360491867355,26.625395646437184,25.737164849678024,26.589752197265625
2019-11-19,26.680691452759525,26.780721866159045,26.52609978408347,26.653409957885746,919300,0.0,0,0.0030802190658749673,1.0106066208682332,26.848012924194336,27.566033992010603,26.12999185637807,26.621580044438886,26.794360491867355,26.575380208862395,25.737164849678024,26.73525047302246
2019-11-20,26.617033051286437,26.68978196075287,26.180539594487804,26.262380599975582,767400,0.0,0,-0.014670894213086316,0.9957801180424307,26.79572448730469,27.524444936606677,26.0670040380027,26.480630730323426,26.794360491867355,26.575380208862395,25.737164849678024,26.97850608825684
2019-11-21,26.244197157277128,26.298758410923064,25.825889587402344,25.825889587402344,665200,0.0,0,-0.016620390177943145,0.9792298639491273,26.717064762115477,27.50610394971764,25.928025574513313,26.303305726780692,26.680690543261544,26.575380208862395,25.737164849678024,26.969327926635746
2019-11-22,25.88045087705965,26.00776278170529,25.59854904261393,25.96229362487793,502600,0.0,0,0.005281678178556293,0.984401840953338,26.65022668838501,27.457206827010843,25.84324654975918,26.189635454386487,26.56702027086734,26.575380208862395,25.777713717712302,26.592967987060547
2019-11-25,25.944106733369782,26.16235347462516,25.853170157562317,26.02594947814941,860600,0.0,0,0.002451857843964955,0.986815454328693,26.59339141845703,27.40816791995786,25.7786149169562,26.189635454386487,26.56702027086734,26.5867469858728,25.777713717712302,27.06112098693848
2019-11-26,26.0532324145947,26.416977027721263,26.0532324145947,26.32604217529297,561800,0.0,0,0.011530518700019199,0.9981939483782979,26.579296398162843,27.40237973298526,25.756213063340425,26.189635454386487,26.56702027086734,26.62539590868218,26.23725326029113,27.22635269165039
2019-11-27,26.307852830337907,26.78072166442871,26.207822417691887,26.78072166442871,407200,0.0,0,0.017271091723861876,1.0154338476189433,26.564291954040527,27.36047350778514,25.768110400295914,26.189635454386487,26.56702027086734,26.65040368311396,26.23725371341208,26.776559829711918
2019-11-29,26.717061990563145,26.88984130273672,26.51700292110536,26.53519058227539,242300,0.0,0,-0.00916820260596063,1.0061241443710227,26.543376636505126,27.319056709245544,25.76769656376471,26.244195172675326,26.56702027086734,26.71860519748279,26.30545522778091,26.813276290893555
2019-12-02,26.4988172870014,26.580660034056365,26.098699117478212,26.135072708129883,599900,0.0,0,-0.015078763911828608,0.9909530359320615,26.492452239990236,27.23381596515117,25.751088514829302,26.244195172675326,26.56702027086734,26.77617154400719,26.341829640818204,26.749021530151367
2019-12-03,26.06232458999178,26.380601756671822,25.980481840432024,26.335132598876957,353300,0.0,0,0.007654843473415829,0.9985386263116277,26.439709186553955,27.056552117274695,25.822866255833215,26.244195172675326,26.56702027086734,26.77617154400719,26.341829640818204,26.923429489135746
2019-12-04,26.30785255888848,26.689784807948502,26.30785255888848,26.37150764465332,557900,0.0,0,0.0013812364771581542,0.9999178442861407,26.400151824951173,26.9192217540587,25.881081895843646,26.244195172675326,26.56702027086734,26.77617154400719,26.47248092829915,27.207992553710938
2019-12-05,26.316944893441804,26.407881468420957,26.189632994682636,26.380599975585938,402600,0.0,0,0.00034477857903048026,1.0002625945396408,26.377872276306153,26.85829329695713,25.897451255655177,26.244195172675326,26.56702027086734,26.880748262514736,26.5265450953194,27.162097930908203
2019-12-06,26.453345805799003,26.762529084013316,26.453345805799003,26.48971939086914,413800,0.0,0,0.004136350779898379,1.004400031502668,26.37605333328247,26.854465321524913,25.89764134504003,26.37150573014952,26.56702027086734,26.90802944441741,26.531050109654643,27.36404800415039
2019-12-09,26.47153958970025,26.62613126457184,26.38969683626993,26.49881935119629,481800,0.0,0,0.00034352800016024254,1.004745071036851,26.37105188369751,26.841995586582623,25.9001081808124,26.435161571584374,26.56702027086734,26.905755351094875,26.531050109654643,27.59353446960449
2019-12-10,26.526096252896878,26.626126652980226,26.35331694397222,26.43515968322754,299700,0.0,0,-0.002402358653230907,1.0023313130211546,26.36650495529175,26.833061296192717,25.89994861439078,26.435161571584374,26.56702027086734,26.905755351094875,26.531050109654643,27.52927589416504
2019-12-11,26.416974425324824,26.426068256566023,25.716766764461923,25.725860595703125,502100,0.0,0,-0.02683165511477681,0.9754371049194296,26.338314819335938,26.882604341611213,25.794025297060664,26.30330403359932,26.526099800755347,26.923943853318647,26.54923861187842,27.61189079284668
2019-12-12,25.953197958617427,26.03503896070905,25.471235369358,25.56217193603516,563700,0.0,0,-0.006362805981126485,0.9692305878740355,26.298757553100586,26.940377717785445,25.657137388415727,26.116882226685657,26.37605376018052,26.923943853318647,26.54923861187842,27.556814193725582
2019-12-13,25.553078737897756,25.68038889371196,25.116585288416942,25.398487091064453,541500,0.0,0,-0.00640340129861805,0.9630242154689825,26.239194297790526,26.97681269428548,25.50157590129557,25.93955718621513,26.044135428395805,26.923943853318647,26.54923861187842,27.575172424316406
2019-12-16,25.46214532730231,25.77132865932009,25.28027216689032,25.744047164916992,657300,0.0,0,0.013605537708350823,0.9761266777466008,26.2010009765625,26.958069613162902,25.4439323399621,25.93955718621513,26.00321329557683,26.896663467107423,26.54923861187842,27.520095825195312
2019-12-17,25.871359070993783,25.92592032532898,25.5803616674404,25.744047164916992,898900,0.0,0,0.0,0.9761266777466008,26.159625148773195,26.921651822531192,25.397598475015197,25.93955718621513,26.00321329557683,26.894390302030402,26.54923861187842,27.52927589416504
2019-12-18,25.753140547641756,26.25329086282421,25.68039163163879,26.226009368896484,676600,0.0,0,0.018721306750723032,0.9944010447082591,26.13825511932373,26.866561668996184,25.409948569651277,25.93955718621513,26.00321329557683,26.864835491878193,26.616817629541245,27.63943290710449
2019-12-19,26.216912815350334,26.2896617237994,26.098696489547148,26.20781898498535,412800,0.0,0,-0.0006936009079866468,0.9937113272407465,26.135527038574217,26.862344481694382,25.408709595454052,25.87135827649439,26.00321329557683,26.851195046053476,26.711430754247786,27.59353446960449
2019-12-20,26.48972273074644,26.96259153757336,26.35331873421161,26.835281372070312,2348400,0.0,0,0.02394180101153931,1.017502566100457,26.18599662780762,26.959030693091588,25.41296256252365,26.03958841299515,26.03958841299515,26.848921305203255,26.711430754247786,27.64861297607422
2019-12-23,26.84437379354269,26.88984121184323,26.344223519882608,26.44425392150879,625600,0.0,0,-0.014571393723804893,1.0026761355948255,26.21009464263916,26.983787476995527,25.436401808282792,26.03958841299515,26.03958841299515,26.848921750839644,26.711430754247786,27.32732963562012
2019-12-24,26.4442543290956,26.65340723165509,26.41697283701229,26.45334815979004,136200,0.0,0,0.0003439022446329876,1.0030209581684966,26.23146457672119,27.007262093340117,25.455667060102265,26.03958841299515,26.03958841299515,26.828461515783644,26.711430754247786,27.74958610534668
2019-12-26,26.58975219726562,26.689782600606637,26.46244203626496,26.589752197265625,206600,0.0,0,0.005156399736307327,1.0081929351727072,26.244650077819824,27.03541252090438,25.453887634735267,26.03958841299515,26.03958841299515,26.785266913810215,26.751975733620366,27.804658889770508
2019-12-27,26.74434430388683,26.7534381347512,26.544285228283368,26.73525047302246,336200,0.0,0,0.005471968097987778,1.013709734750589,26.24237651824951,27.027134650239738,25.457618386259284,26.12143185223184,26.03958841299515,26.70797026815312,26.751975733620366,27.859737396240234
2019-12-30,26.666403455487423,26.97850608825684,26.574610005371103,26.97850608825684,563000,0.275,0,0.009098684730103335,1.0229331600349212,26.264542293548583,27.104831874173644,25.424252712923522,26.279433877848618,26.04754568833689,26.63749561109539,26.751975733620366,27.813838958740234
2019-12-31,27.051943437116467,27.24471354518748,26.950970286077304,26.969327926635746,595200,0.0,0,-0.00034020273735946294,1.0225851553737415,26.306255054473876,27.198495780753657,25.414014328194096,26.462552588413136,26.18064941680221,26.49199813502112,26.680690543261544,27.06112098693848
2020-01-02,27.079481332837084,27.097840723435716,26.400199638318508,26.592967987060547,417100,0.0,0,-0.013955110064255427,1.0083148669804272,26.319146823883056,27.22018715705935,25.418106490706762,26.671705017367316,26.18064941680221,26.37832786262691,26.56702027086734,27.13456153869629
2020-01-03,26.473634515304383,27.07948037688899,26.37265962142435,27.06112098693848,471300,0.0,0,0.017604390758704458,1.0260656359065616,26.353627490997315,27.31165782122995,25.39559716076468,26.794468532535042,26.18064941680221,26.37832786262691,26.56702027086734,27.18963623046875
2020-01-06,26.90507036268442,27.25389177728102,26.822454856640373,27.22635269165039,900500,0.0,0,0.006105870661886614,1.0323306599700135,26.39591512680054,27.427632724385195,25.364197529215883,26.799057648581815,26.18523853284898,26.37832786262691,26.56702027086734,27.207992553710938
2020-01-07,27.107021874847295,27.107021874847295,26.6021491113518,26.776559829711918,565000,0.0,0,-0.016520496411420282,1.0152760450065799,26.410257148742676,27.454826733571213,25.36568756391414,26.813275699352687,26.18523853284898,26.37832786262691,26.56702027086734,27.17127799987793
2020-01-08,26.767379563757025,26.9234308872083,26.67558435863605,26.813276290893555,415100,0.0,0,0.0013712165197896642,1.0166682082916396,26.425979995727538,27.48493261280524,25.367027378649837,26.813275699352687,26.18523853284898,26.405607721771332,26.56702027086734,27.7220458984375
2020-01-09,26.81327765174285,26.960151037899383,26.693945104622664,26.749021530151367,346000,0.0,0,-0.002396378571760338,1.0142318863826996,26.44167308807373,27.51006785667059,25.37327831947687,26.813275699352687,26.18523853284898,26.405607721771332,26.56702027086734,27.36404800415039
2020-01-10,26.74901878354744,26.93260918425595,26.63886594380059,26.923429489135746,292100,0.0,0,0.006520162196878454,1.0208448427871608,26.50155153274536,27.536102305020925,25.467000760469794,26.813275699352687,26.18523853284898,26.405607721771332,26.56702027086734,27.14373779296875
2020-01-13,26.960147793235983,27.272248667569176,26.950968098277983,27.207992553710938,443200,0.0,0,0.010569346846768468,1.031634506007313,26.58384256362915,27.566388796313035,25.601296330945267,26.822454144496763,26.194416977993058,26.405607721771332,26.56702027086734,27.290607452392575
2020-01-14,27.162097930908207,27.17127762657631,26.996866910578174,27.162097930908203,323200,0.0,0,-0.0016868066511019908,1.0298943380610737,26.67202310562134,27.519059975924254,25.824986235318423,26.822454144496763,26.194416977993058,26.405607721771332,26.56702027086734,27.198814392089844
2020-01-15,27.272252791537344,27.5659978220687,27.272252791537344,27.36404800415039,410500,0.0,0,0.007434995402633593,1.037551597729756,26.753023147583008,27.536384523830765,25.96966177133525,26.969328721746525,26.34129155524282,26.469263000508427,26.56702027086734,27.17127799987793
2020-01-16,27.446662833438975,27.69450937603629,27.35486762312353,27.59353446960449,334600,0.0,0,0.008386422411599703,1.046252943702148,26.84549751281738,27.56388300486614,26.127112020768624,27.148329243694043,26.405547332226618,26.501090921225856,26.56702027086734,26.565431594848636
2020-01-17,27.575174370656192,27.676147517241017,27.483379168521743,27.52927589416504,357500,0.0,0,-0.0023287547853005908,1.0438164771528666,26.910660839080812,27.628886186979635,26.19243549118199,27.148329243694043,26.405547332226618,26.501090921225856,26.56702027086734,26.124813079833984
2020-01-21,27.520095592734027,27.70368599295933,27.483378563197657,27.61189079284668,362000,0.0,0,0.0030009833531128294,1.0469489530245073,26.980864429473876,27.684753664769286,26.276975194178466,27.17127596837996,26.410135640688136,26.414701917177332,26.56702027086734,24.33481788635254
2020-01-22,27.611890613095504,27.823018346386704,27.400762879804304,27.556814193725582,632100,0.0,0,-0.001994669598482046,1.0448606357767467,27.01694107055664,27.76056839034246,26.27331375077082,27.230942145093646,26.469801817401823,26.246467993433086,26.503363434239372,23.260818481445312
2020-01-23,27.465017839360545,27.71286434237544,27.364042949054983,27.575172424316406,414400,0.0,0,0.0006661956807403335,1.0455567174192768,27.07348699569702,27.806116745530954,26.340857245863088,27.230942145093646,26.551645256638512,25.991846307305465,26.326038393768844,24.399070739746094
2020-01-24,27.575173996236835,27.722045617318567,27.327327479093476,27.520095825195312,339700,0.0,0,-0.001997325647636772,1.0434684001715164,27.126824378967285,27.825261508271375,26.428387249663196,27.386993222332343,26.70169000691355,25.97138524089598,26.326038393768844,24.775428771972656
2020-01-27,27.327327850147537,27.63943048689595,27.235532648013088,27.52927589416504,491300,0.0,0,0.00033357692604107925,1.0438164771528666,27.173800563812257,27.847089475431115,26.5005116521934,27.40994262848244,26.751704989012747,25.97138524089598,26.326038393768844,26.10645866394043
2020-01-28,27.53845800083009,27.731226366428857,27.48338157506587,27.63943290710449,341300,0.0,0,0.00400144970623062,1.0479932562887286,27.219009685516358,27.889833115115373,26.548186255917344,27.529275497199897,26.960857417966928,25.97138524089598,26.326038393768844,26.051382064819336
2020-01-29,27.64861264630257,27.712868768268983,27.48338161790436,27.59353446960449,228100,0.0,0,-0.0016606142989352701,1.046252943702148,27.24976110458374,27.930088895576997,26.569433313590483,27.529275497199897,27.083620933134654,25.93728578603561,26.326038393768844,25.702560424804688
2020-01-30,27.465022553253597,27.73122674041067,27.465022553253597,27.64861297607422,297700,0.0,0,0.0019960656555397804,1.0483413332700793,27.283725357055665,27.972525210539327,26.594925503572004,27.529275497199897,27.083620933134654,26.03958841299515,26.326038393768844,23.600454330444336
2020-01-31,27.602713509168236,27.602713509168236,27.26307351518209,27.32732963562012,748700,0.0,0,-0.011620233562244953,1.0361593621245258,27.320443439483643,27.931102028845885,26.7097848501214,27.529275497199897,27.097838983905525,26.03958841299515,26.326038393768844,23.86665916442871
2020-02-03,27.712869071327777,28.05250907710672,27.547638041122656,27.74958610534668,729900,0.0,0,0.015451801378213004,1.0521698907842498,27.354866695404052,27.980767025634336,26.72896636517377,27.644020862559906,27.212584349265533,26.03958841299515,26.326038393768844,22.09502220153809
2020-02-04,27.8505556111042,28.0157866092618,27.73122133428029,27.804658889770508,447500,0.0,0,0.0019846344451681652,1.0542580633916692,27.38378200531006,28.036420084516713,26.731143926103407,27.644020862559906,27.212584349265533,26.03958841299515,26.326038393768844,20.25912475585937
2020-02-05,27.878096786490545,28.00660901654708,27.722045471058543,27.859737396240234,436400,0.0,0,0.001980909267331077,1.0563464529596003,27.437940883636475,28.058687953968935,26.817193813304016,27.644020862559906,27.212584349265533,26.080510132613497,26.326038393768844,22.04912567138672
2020-02-06,27.97906996952388,28.061685474915706,27.73122345334841,27.813838958740234,386200,0.0,0,-0.0016474827758496957,1.0546061403730194,27.48796901702881,28.057951297075316,26.917986736982304,27.6486090614644,27.217172548170026,26.163489783092754,26.326038393768844,18.716970443725582
2020-02-07,27.611890429519335,27.75876204742786,26.969325788033704,27.06112098693848,915400,0.0,0,-0.027062714101363516,1.0260656359065619,27.503573989868165,28.00390350004714,27.00324447968919,27.515505631474703,27.217172548170026,26.32160100260767,26.326038393768844,19.726716995239254
2020-02-10,27.14374123527605,27.14374123527605,26.923433769906097,27.13456153869629,574900,0.0,0,0.0027138769230312665,1.028850251757364,27.51413059234619,27.971690114027563,27.05657107066482,27.4925596224109,27.217172548170026,26.426177217084764,26.326038393768844,15.825433731079102
2020-02-11,27.226353261229875,27.4558403937425,27.03358491032625,27.18963623046875,443600,0.0,0,0.002029687920105827,1.030938496684954,27.513212776184083,27.973319148053648,27.05310640431452,27.4925596224109,27.331917293133753,26.487558974668627,26.326038393768844,15.95394802093506
2020-02-12,27.290608057485183,27.48337814990769,27.1437364398527,27.207992553710938,670800,0.0,0,0.0006751220607217334,1.0316345060073133,27.51550750732422,27.96892362717103,27.06209138747741,27.4925596224109,27.331917293133753,26.492148090715396,26.326038393768844,15.136972427368164
2020-02-13,27.171277999877933,27.409944837983883,27.01522667307204,27.17127799987793,854600,0.0,0,-0.001349403259374271,1.030242415042424,27.505869007110597,27.97971551640127,27.032022497819924,27.4925596224109,27.350275709358147,26.499257116100836,26.326038393768844,15.981486320495604
2020-02-14,27.217173163857463,27.75876292865635,27.097840627086384,27.7220458984375,1100400,0.0,0,0.020270224262621817,1.0511256598401992,27.512294578552247,27.994226617714194,27.0303625393903,27.4925596224109,27.350275709358147,26.499257116100836,26.326038393768844,17.40430450439453
2020-02-18,27.740406800100622,27.786305281831176,27.34569036230622,27.36404800415039,758200,0.0,0,-0.01291383383458311,1.0375515977297565,27.504033184051515,27.99020982098623,27.0178565471168,27.4925596224109,27.350275709358147,26.499257116100836,26.326038393768844,19.53394317626953
2020-02-19,27.391584316646647,27.391584316646647,27.097841066738564,27.14373779296875,519400,0.0,0,-0.008051082615708971,1.0291981840983733,27.480625534057616,27.98860851494613,26.972642553169102,27.4925596224109,27.4925596224109,26.499257116100836,26.326038393768844,21.654409408569336
2020-02-20,27.162095227525494,27.382402649089528,26.987684528886067,27.290607452392575,324700,0.0,0,0.005410811898642454,1.034766981878954,27.467315196990967,27.980595888519595,26.95403450546234,27.354869525868637,27.4925596224109,26.50843556124491,26.326038393768844,20.754817962646484
2020-02-21,27.28142990052155,27.40994388633081,27.1712770565112,27.198814392089844,388400,0.0,0,-0.0033635403851988155,1.0312865013461339,27.44849729537964,27.972185545015485,26.924809045743793,27.354869525868637,27.4925596224109,26.50843556124491,26.326038393768844,20.824508666992188
2020-02-24,26.88671443364882,27.28143084771271,26.822456563089258,27.17127799987793,472800,0.0,0,-0.0010124114902567705,1.0302424150424243,27.431056404113768,27.967266437454132,26.894846370773404,27.30438092246022,27.442071019002483,26.65531013849467,26.34129155524282,20.56431770324707
2020-02-25,27.226353922225485,27.2355336178506,26.40020057529244,26.565431594848636,594400,0.0,0,-0.022297309866396997,1.0072707806767183,27.38286418914795,28.036837318419394,26.728891059876503,27.09325292856181,27.230943025104075,26.77693828796033,26.405547332226618,18.371288299560547
2020-02-26,26.68476221675134,26.877532309316244,26.106455440752203,26.124813079833984,601100,0.0,0,-0.0165861606065566,0.9905640257341226,27.307133197784424,28.150449944008653,26.463816451560195,26.946380361291688,27.084070457833953,26.77693828796033,26.405547332226618,18.41775131225586
2020-02-27,25.79435631782886,25.79435631782886,24.33481788635254,24.33481788635254,479900,0.0,0,-0.06851705265838481,0.9226934982213961,27.144197368621825,28.68482011716425,25.6035746200794,26.060561584091857,26.198251680634122,26.79070580453405,26.410135640688136,19.142566680908203
2020-02-28,23.80240831454444,24.01353607975988,22.70086925549752,23.260818481445312,984300,0.0,0,-0.04413426925662545,0.8819710949295554,26.924807643890382,29.200018456519864,24.6495968312609,25.24358726866435,25.381277365206614,26.850371981247733,26.469801817401823,20.759464263916016
2020-03-02,23.352610023751428,24.408250434727357,22.93035280885238,24.399070739746094,837100,0.0,0,0.048934316701226166,0.9251297478101654,26.77839469909668,29.297715201196084,24.259074196997275,25.055406570914165,25.381277365206614,26.89129370086608,26.469801817401823,21.995365142822266
2020-03-03,24.39907004273145,25.261942086994384,24.15122353786108,24.775428771972656,970500,0.0,0,0.015425096973610275,0.9393999638833088,26.62968683242798,29.252281351879766,24.00709231297619,25.055406570914165,25.381277365206614,27.044341614622947,26.469801817401823,22.199800491333008
2020-03-04,25.13343188771365,26.198253874073828,25.13343188771365,26.10645866394043,934000,0.0,0,0.05372378836379643,0.9898680887319337,26.544776821136473,29.118697147993895,23.97085649427905,25.055406570914165,25.381277365206614,27.080823808747596,26.469801817401823,24.364953994750977
2020-03-05,25.574050094748603,26.0881008514353,25.500614272364796,26.051382064819336,787600,0.0,0,-0.0021096924646147874,0.9877797714841733,26.45435905456543,28.962668627629597,23.946049481501262,24.991150051605114,25.381277365206614,27.245066457583413,26.469801817401823,23.67731094360352
2020-03-06,25.40881715722831,25.876971146496157,24.931483471992703,25.702560424804688,795400,0.0,0,-0.01338975564316447,0.9745536417147393,26.34879512786865,28.795660064588,23.901930191149305,24.968201436674057,25.381277365206614,27.306448215167276,26.469801817401823,24.634441375732425
2020-03-09,24.114506734410487,24.389890575154823,23.527018522855997,23.600454330444336,1106100,0.0,0,-0.081785863338801,0.8948489307571268,26.175761795043947,28.875890600641668,23.475632989446225,24.78920078240688,25.381277365206614,27.306448215167276,26.469801817401823,23.98396110534668
2020-03-10,24.151222687305705,24.371530100260248,22.6825048500944,23.86665916442871,1198300,0.0,0,0.011279648699007216,0.9049425123347494,26.012366676330565,28.854008388151662,23.170724964509468,24.440379362084116,25.372095162505055,27.31355724055271,26.469801817401823,23.918914794921875
2020-03-11,23.297534359867026,23.68307283631154,21.893074142771145,22.09502220153809,737200,0.0,0,-0.07423062233741962,0.8377680664645529,25.757635974884032,29.0187744806303,22.496497469137765,24.045664008422484,24.977379808843423,27.42830260591272,26.58454718276183,24.16981315612793
2020-03-12,20.76399752226291,21.865534760979056,18.35897148708205,20.25912475585937,1346900,0.0,0,-0.08309099800546549,0.768157081724904,25.410192584991456,29.38944866696462,21.430936503018295,22.27861268057794,23.21032848099888,27.42830260591272,26.58454718276183,23.547216415405277
2020-03-13,21.2413299273381,22.16845821835972,19.8552273388314,22.04912567138672,1070700,0.0,0,0.08835529358244565,0.8360278261981426,25.154084968566895,29.304537427473036,21.003632509660754,22.27861268057794,23.21032848099888,27.42830260591272,26.58454718276183,23.67731094360352
2020-03-16,19.23102289424478,19.478867673020627,18.432406882406404,18.716970443725582,712000,0.0,0,-0.15112414330266588,0.7096838371867583,24.7038311958313,29.54647036279311,19.86119202886949,22.27861268057794,23.072638384456614,27.432890804817212,26.589135381666324,23.640140533447266
2020-03-17,19.065794573527587,19.76343578298065,17.294153334512952,19.726716995239254,1375900,0.0,0,0.05394818325698458,0.7479699908898295,24.32196464538574,29.463871430339193,19.18005786043229,21.691127092974128,22.540229308172066,27.366339089822365,26.589135381666324,24.132640838623047
2020-03-18,18.634355970540813,19.3687159046311,15.219587792192224,15.825433731079102,1285700,0.0,0,-0.1977664740210785,0.6000466031179698,23.75604944229126,29.93103891427513,17.58105997030739,20.54827946934419,21.5029465370117,27.354866085290464,26.589135381666324,24.18839836120605
2020-03-19,15.605128276883825,16.41292238201988,14.521948504587934,15.95394802093506,1263200,0.0,0,0.008120743610557257,0.6049194277362766,23.189216470718385,30.016594464480278,16.361838476956493,19.455919539871378,21.154126893209554,27.412238457772325,26.589135381666324,24.25344467163086
2020-03-20,15.96312582939522,16.440459528645707,13.980356964191076,15.136972427368164,1215500,0.0,0,-0.0512083650075108,0.5739424928806228,22.5861243724823,30.002417055415176,15.169831689549422,19.175943532225663,20.883331123011125,27.412238457772325,26.589135381666324,24.40212821960449
2020-03-23,15.219588988905883,17.20235799041282,14.64128121756235,15.981486320495604,2500000,0.0,0,0.05579146670046975,0.6059635863601567,22.026634788513185,29.662377993851557,14.390891583174813,18.831714900251306,20.883331123011125,27.421417665884526,26.589135381666324,24.83887481689453
2020-03-24,16.87189438983009,17.61543401169008,15.981484883824317,17.40430450439453,1973100,0.0,0,0.08902915256850807,0.6599120109411754,21.568578433990478,29.158759707590434,13.978397160390523,18.0744075912754,20.883331123011125,27.421417665884526,26.589135381666324,24.550806045532227
2020-03-25,17.367584326126288,19.947018918321263,16.394559482777066,19.53394317626953,1899300,0.0,0,0.12236275637083183,0.7406606635621561,21.239034938812257,28.57466073907147,13.903409138553043,18.0744075912754,20.695150425260945,27.421417665884526,26.589135381666324,23.25914764404297
2020-03-26,19.73589653551428,21.9848714922261,19.29528159120403,21.654409408569336,1676500,0.0,0,0.1085529026661558,0.8210615284824692,21.105014514923095,28.30472981259174,13.905299217254449,17.98261422820859,20.695150425260945,27.4925596224109,26.589135381666324,22.803815841674805
2020-03-27,20.57122754623144,21.80127878400749,20.11225325604181,20.754817962646484,1220600,0.0,0,-0.041543106946470454,0.7869520815950894,20.979714488983156,28.11116138371116,13.848267594255152,17.98261422820859,20.695150425260945,27.42371457413977,26.589135381666324,23.10117530822754
2020-03-30,20.74087595970265,21.019652241469476,20.1275706211828,20.824508666992188,1232500,0.275,0,0.003357808508420934,0.789594515990389,20.80098638534546,27.755785651330747,13.846187119360176,17.98261422820859,20.630893905951893,27.42371457413977,26.589135381666324,22.98966217041016
2020-03-31,20.75016855665651,20.963895797393803,19.328414313568032,20.56431770324707,1540600,0.0,0,-0.01249445871236965,0.7797289599108336,20.59043083190918,27.299190640154414,13.881671023663948,17.98261422820859,20.607945291020837,27.37322597073135,26.589135381666324,23.0361270904541
2020-04-01,19.467804500774932,19.57931360154628,17.999588342980722,18.371288299560547,853900,0.0,0,-0.10664245881302681,0.6965767464182183,20.203672313690184,26.46836302045075,13.93898160692962,17.98261422820859,20.42894463675366,27.162097976832943,26.589135381666324,23.816696166992188
2020-04-02,18.10180588577192,18.71511129661597,17.897371339625675,18.41775131225586,737300,0.0,0,0.0025291102037967583,0.6983384657753122,19.821990776062012,25.513046989998344,14.130934562125683,18.313076354894225,20.08930541913245,27.01522540956282,26.589135381666324,23.584381103515625
2020-04-03,18.19473044713504,19.170443070345208,17.96241774899879,19.142566680908203,1254200,0.0,0,0.039354172850082136,0.725820998465295,19.493991088867187,24.49943556924117,14.488546608493202,18.98317818802521,20.08930541913245,26.12940663236299,26.198251680634122,21.967485427856445
2020-04-06,20.61078426875501,21.149749694315,19.923138848034004,20.759464263916016,2080000,0.0,0,0.08446608074874429,0.7871282535307988,19.35194158554077,24.03031097062798,14.673572200453561,19.189715487501584,20.08930541913245,25.31243231693548,25.381277365206614,20.75016975402832
2020-04-07,21.800221565273645,22.72947230764484,21.06611440045108,21.995365142822266,871500,0.0,0,0.059534333988304544,0.8339894098681323,19.25837688446045,23.6336956189013,14.8830581500196,20.31342182363526,20.08930541913245,25.21834196806039,25.381277365206614,20.582902908325195
2020-04-08,22.227678652703823,22.47857678782556,21.168333334285663,22.199800491333008,945300,0.0,0,0.009294473957730753,0.8417409027191749,19.263615798950195,23.652888155505597,14.874343442394792,20.31342182363526,20.08930541913245,25.21834196806039,25.381277365206614,20.183326721191406
2020-04-09,22.840983333933604,24.392832155280008,22.710888796275093,24.364953994750977,1318700,0.0,0,0.0975303135838208,0.9238361569177044,19.468907260894774,24.383845602570304,14.553968919219244,21.14510174745284,20.034228907813187,25.21834196806039,25.381277365206614,21.57720184326172
2020-04-13,24.179107247232857,24.179107247232857,23.07329825295752,23.67731094360352,1187100,0.0,0,-0.028222628751755408,0.8977630720335675,19.550316524505615,24.68496804779515,14.41566500121608,21.14510174745284,19.928664055343617,25.186213708405866,25.381277365206614,20.889556884765625
2020-04-14,24.29991048722373,24.80170681998677,23.75165231879245,24.634441375732425,1133100,0.0,0,0.040423949932856695,0.9340542015090201,19.84619007110596,25.422613112697892,14.269767029514025,21.34953907980622,19.39103189208892,25.174739400940336,25.381277365206614,21.87456512451172
2020-04-15,23.58438300352487,24.45787919547916,23.14763579375029,23.98396110534668,921200,0.0,0,-0.02640531849147343,0.9093902028298755,20.05905227661133,25.921824544589857,14.196280008632801,21.34953907980622,19.39103189208892,25.085239073806747,25.381277365206614,21.781639099121094
2020-04-16,24.00254750667097,24.33707835366736,23.42641124488889,23.918914794921875,2015800,0.0,0,-0.002712075379838086,0.9069238680501146,20.463726329803468,26.216835289404692,14.710617370202243,21.38206228449278,19.39103189208892,24.906237262294585,25.372095162505055,21.68871116638184
2020-04-17,24.736656702747734,24.78311853308484,23.835282306004085,24.16981315612793,1093500,0.0,0,0.01048953781378592,0.9164370802582513,20.87451958656311,26.449535951873685,15.299503221252536,22.36242283401039,19.39103189208892,24.511521908632954,24.977379808843423,23.129051208496094
2020-04-20,23.66801824468544,24.02113455625265,23.287025542271813,23.547216415405277,1013800,0.0,0,-0.025759269908331994,0.8928303301538754,21.295031785964966,26.310415931567356,16.279647640362576,22.933910610218923,19.39103189208892,22.74447058078841,23.21032848099888,23.65872573852539
2020-04-21,22.738767383871288,24.01184181268974,22.683012829825355,23.67731094360352,1117700,0.0,0,0.0055248368173628215,0.8977630720335676,21.679823017120363,26.15131535764803,17.208330676592695,22.985020077136216,19.39103189208892,22.74447058078841,23.21032848099888,23.42641258239746
2020-04-22,24.225567749792564,24.253445911487187,23.314902403297555,23.640140533447266,599300,0.0,0,-0.0015698746468629787,0.8963536965478923,21.991614818572998,26.07598473679525,17.907244900350747,23.74235982490606,19.39103189208892,22.675625532517277,23.21032848099888,23.203392028808597
2020-04-23,23.71447907324401,24.51363349642411,23.50075183055661,24.132640838623047,636600,0.0,0,0.02083322239472163,0.9150276324524054,22.221549701690673,26.24322380089842,18.199875602482926,23.74235982490606,19.39103189208892,22.115678200573097,22.67791940471433,23.79811286926269
2020-04-24,24.31849290280472,24.355662012230685,23.946792946519103,24.18839836120605,459700,0.0,0,0.0023104608797628323,0.9171417680010887,22.34824914932251,26.45021007686432,18.2462882217807,23.74235982490606,19.39103189208892,21.025613003177945,21.640636633553964,24.16981315612793
2020-04-27,24.411417368347585,24.708777321601374,24.23485923145121,24.25344467163086,540100,0.0,0,0.0026891532648614103,0.9196081027808496,22.52318048477173,26.636922957309366,18.40943801223409,23.733065681455095,19.39103189208892,20.305023216540466,21.29181698975182,25.09906578063965
2020-04-28,24.75524277267179,25.00614093460153,24.1605227791246,24.40212821960449,923800,0.0,0,0.006130409514469637,0.9252456770437206,22.702061462402344,26.815926575598933,18.588196349205756,23.844576882213442,19.82371107608194,20.029637327618396,21.02102121955339,24.71807098388672
2020-04-29,24.959678420047407,25.1083584143853,24.560100270612317,24.83887481689453,664500,0.0,0,0.017897889616822926,0.9418056220398917,22.915789318084716,27.00704381733773,18.8245348188317,23.895685622105326,20.544921649104808,19.857523011631216,21.02102121955339,24.885337829589844
2020-04-30,24.39283333967432,24.8946296191307,23.65872436174485,24.550806045532227,1117700,0.0,0,-0.011597496806351693,0.93088303434608,23.2247652053833,26.79087114930843,19.65865926145817,23.895685622105326,20.75145894858118,19.47886935714326,21.02102121955339,25.703075408935547
2020-05-01,24.20698209190501,24.20698209190501,22.673718660534583,23.25914764404297,1237800,0.0,0,-0.05261164945434915,0.8819077424600632,23.466835021972656,26.26117285966381,20.672497184281504,23.89103853745994,21.502864877005486,19.384779008268172,21.02102121955339,25.415008544921875
2020-05-04,23.398535795865712,23.4449976276349,22.68301224322648,22.803815841674805,726200,0.0,0,-0.019576461241681886,0.8646431097210546,23.649897480010985,25.64511412041201,21.65468083960996,23.89103853745994,21.502864877005486,19.33888232673477,21.02102121955339,24.364953994750977
2020-05-05,23.110468028857056,23.537922543383587,22.840984447816677,23.10117530822754,720200,0.0,0,0.01303989948951001,0.8759179689661145,23.766983032226562,25.282607804317397,22.251358260135728,23.89103853745994,21.502864877005486,19.33888232673477,21.02102121955339,23.04541778564453
2020-05-06,23.194096686923228,23.47287296115565,22.92461490481077,22.98966217041016,547600,0.0,0,-0.0048271629616032374,0.8716897701889186,23.816697883605958,25.14887448738189,22.484521279830027,23.89103853745994,21.502864877005486,19.30675406708024,21.02102121955339,23.946792602539062
2020-05-07,23.22197617819858,23.52862885676187,22.775936240725645,23.0361270904541,846900,0.0,0,0.002021122350538418,0.8734515618661831,23.85851421356201,25.025656102271153,22.691372324852868,23.89103853745994,21.502864877005486,19.295279759614715,21.02102121955339,24.16981315612793
2020-05-08,23.184807139860197,23.93749975817703,23.184807139860197,23.816696166992188,606300,0.0,0,0.03388456199573331,0.9030480854645079,23.83110132217407,24.974638459696482,22.68756418465166,23.89103853745994,21.502864877005486,19.205779432481123,21.02102121955339,25.322084426879883
2020-05-11,23.547211998557277,23.8910337521432,22.91532126262046,23.584381103515625,800000,0.0,0,-0.009754294292024013,0.8942394886790382,23.826454830169677,24.97323957367989,22.679670086659463,23.89103853745994,21.535388081692044,19.20119088701334,21.02102121955339,24.569393157958984
2020-05-12,23.965375800488825,24.01183762535725,21.93960904189739,21.967485427856445,818600,0.0,0,-0.068557901458697,0.8329323059337052,23.693107032775877,25.038444160003703,22.347769905548052,23.417119330514048,22.515748631209654,19.536241803578832,21.02102121955339,23.909624099731445
2020-05-13,21.68871325033422,21.68871325033422,20.675829762855837,20.75016975402832,839500,0.0,0,-0.055414429558900524,0.7867758373392093,23.531417465209962,25.385668636063137,21.677166294356788,22.441405927380423,22.892094088620567,19.639510453317016,21.02102121955339,23.56579971313477
2020-05-14,20.341297510610417,20.80592286642997,19.44921767819131,20.582902908325195,985000,0.0,0,-0.008060986858705266,0.7804336476536711,23.364616870880127,25.612540814450227,21.116692927310027,21.73052765177428,22.278788046288305,20.201363621383855,21.02102121955339,23.751649856567383
2020-05-15,20.48068846576514,20.91743570333696,19.86738130766108,20.183326721191406,2619500,0.0,0,-0.019413014233875203,0.7652830781431752,23.1652925491333,25.774448355137974,20.55613674312863,21.73052765177428,22.278788046288305,20.201363621383855,21.02102121955339,23.584381103515625
2020-05-18,20.908141939270905,21.82809997191021,20.908141939270905,21.57720184326172,1112900,0.0,0,0.0690607223142663,0.818134080294628,23.066791820526124,25.7591690947433,20.374414546308948,21.73052765177428,22.278788046288305,20.589665327633014,21.02102121955339,22.980371475219727
2020-05-19,21.493569530800286,21.540033132744604,20.86168049600422,20.889556884765625,611800,0.0,0,-0.03186905158005171,0.7920609230903203,22.927404117584228,25.765258119421887,20.08955011574657,21.73052765177428,22.278788046288305,20.53688290139823,21.02102121955339,23.584381103515625
2020-05-20,21.279843395265736,21.92102695648792,20.982483416845387,21.87456512451172,698700,0.0,0,0.04715314188710451,0.8294090841800291,22.83912534713745,25.6927741675682,19.9854765267067,21.73052765177428,22.278788046288305,20.37028548594757,21.02102121955339,22.91532516479492
2020-05-21,21.7630536578711,22.18121722396977,21.67942094465137,21.781639099121094,648900,0.0,0,-0.004248131327945659,0.8258856454658412,22.721575260162354,25.54562172436207,19.897528795962636,21.73052765177428,22.278788046288305,20.37028548594757,21.02102121955339,23.662410736083984
2020-05-22,21.763051150411396,22.069703806083936,21.493567600551117,21.68871116638184,397600,0.0,0,-0.004266342506014764,0.8223621344314829,22.59659090042114,25.370170288118253,19.82301151272403,21.73052765177428,22.278788046288305,20.38654708829085,21.02102121955339,23.812768936157227
2020-05-26,22.54362400046087,23.27773119061314,22.45999128896938,23.129051208496094,488400,0.0,0,0.06640966496648382,0.8769749282602002,22.540371227264405,25.220341712779188,19.860400741749622,21.363474434402224,22.278788046288305,20.876727363049653,21.02102121955339,23.74698829650879
2020-05-27,23.81669845357626,23.993256610963787,22.92461849028099,23.65872573852539,567600,0.0,0,0.022900832604613175,0.8970583842907297,22.50320110321045,25.097178698426617,19.909223507994284,21.72123714457755,22.278788046288305,21.162471251153924,21.02102121955339,24.461181640625
2020-05-28,23.695896173953837,23.751650727501417,23.129052600269947,23.42641258239746,1336800,0.0,0,-0.009819343556176197,0.8882498598254307,22.432577991485594,24.836296392073884,20.028859590897305,21.930318959312434,22.278788046288305,21.18802598461257,21.02102121955339,24.4799747467041
2020-05-29,23.09188292443824,23.361364737004312,22.71089023509656,23.203392028808597,757600,0.0,0,-0.00952004720331956,0.8797936792315506,22.365207290649415,24.59510368902011,20.13531089227872,22.427468553484005,22.278788046288305,21.56669585849749,20.883331123011125,23.3898868560791
2020-06-01,23.203391169168142,23.956085571605836,22.87815481646627,23.79811286926269,573700,0.0,0,0.02563077155769755,0.9023434700418407,22.3921555519104,24.677558123743193,20.106752980077605,22.427468553484005,22.278788046288305,21.56669585849749,20.883331123011125,23.52145195007324
2020-06-02,23.881745908746407,24.560098557137344,23.695895042587555,24.16981315612793,722200,0.0,0,0.01561889755323076,0.916437080258251,22.460455417633057,24.870615054325647,20.050295780940466,22.771290986991367,22.278788046288305,21.56669585849749,20.883331123011125,23.258325576782227
2020-06-03,24.597269468696872,25.452180325321148,24.569393077414727,25.09906578063965,799000,0.0,0,0.03844682697830959,0.9516711781194472,22.560349941253662,25.22365807993097,19.897041802576354,23.472873962936134,22.450699001756227,21.56204878677201,20.883331123011125,23.73759078979492
2020-06-04,24.885336407069037,24.885336407069037,24.169812884524777,24.71807098388672,640600,0.0,0,-0.015179640552470786,0.9372251517114476,22.64677038192749,25.469373715021824,19.824167048833154,23.472873962936134,22.450699001756227,21.83414397914769,20.883331123011125,23.51205444335937
2020-06-05,25.91680504416722,26.48364861681972,24.72736511782137,24.885337829589844,973800,0.0,0,0.006766986218793569,0.9435673413969857,22.739230918884278,25.725043449391485,19.75341838837707,24.47181995289455,22.966433147505516,22.220303635605067,20.883331123011125,23.90673828125
2020-06-08,25.31279002598924,25.77741539747745,24.978259191348087,25.703075408935547,901500,0.0,0,0.03286021612185519,0.974573168160815,22.833549880981444,26.061627100360575,19.605472661602313,24.59726942595814,22.966433147505516,22.323572285343253,20.883331123011125,23.96312141418457
2020-06-09,25.20128129630272,25.67519762240427,24.755239586151884,25.415008544921875,1152000,0.0,0,-0.011207486241647469,0.9636506527871739,22.925081253051758,26.333892797614425,19.51626970848909,24.59726942595814,22.966433147505516,22.696951707232714,20.695150425260945,23.51205444335937
2020-06-10,25.27562107557601,25.27562107557601,24.346370326803434,24.364953994750977,698000,0.0,0,-0.04131631702247485,0.9238361569177042,23.044954681396483,26.47943698109755,19.610472381695416,24.59726942595814,22.966433147505516,22.696951707232714,20.695150425260945,23.784574508666992
2020-06-11,23.156928654992825,23.370655901138157,22.85956869993756,23.04541778564453,1059000,0.0,0,-0.05415713936462663,0.873803833417431,23.159717082977295,26.42738795469768,19.89204621125691,24.67160865837864,22.966433147505516,22.696951707232714,20.695150425260945,23.07037925720215
2020-06-12,24.058301701620397,24.058301701620397,23.06400366818686,23.946792602539062,1223800,0.0,0,0.03911297357585841,0.9079808996643707,23.327911567687988,26.385034109626403,20.270789025749572,24.67160865837864,22.966433147505516,22.696951707232714,20.630893905951893,23.73759078979492
2020-06-15,23.02683511474508,24.38354041152696,22.90603152002026,24.16981315612793,865200,0.0,0,0.00931317013056776,0.916437080258251,23.527235889434813,26.23450685673776,20.819964922131867,24.67160865837864,22.966433147505516,22.696951707232714,20.607945291020837,24.254440307617188
2020-06-16,25.21057355046284,25.69378439426129,24.95038445949848,25.322084426879883,904200,0.0,0,0.04767398338202744,0.9601272863931566,23.714480018615724,26.373434069019616,21.055525968211832,24.67160865837864,22.966433147505516,22.696951707232714,20.42894463675366,24.028907775878903
2020-06-17,25.38713313234735,25.38713313234735,24.44858955398918,24.569393157958984,948800,0.0,0,-0.029724696286135943,0.9315877944090881,23.89847183227539,26.236720590996782,21.560223073554,24.67160865837864,22.966433147505516,22.71321330957599,20.08930541913245,23.54964256286621
2020-06-18,24.19769314122605,24.374249527735888,23.835284102146947,23.909624099731445,616900,0.0,0,-0.026853290758376502,0.9065715964988662,24.000224781036376,26.144369408145675,21.856080153927078,24.318492048707505,22.966433147505516,22.96643398086185,20.08930541913245,23.596630096435547
2020-06-19,24.27203049959836,24.383539597647523,23.454288842680445,23.56579971313477,2055200,0.0,0,-0.01438016696383515,0.8935349455765419,24.089432811737062,25.988941249387004,22.18992437408712,24.276676547099427,22.966433147505516,22.666750008000495,20.08930541913245,24.414196014404297
2020-06-22,23.361364451234824,23.78882073917298,22.9339099357019,23.751649856567383,522300,0.0,0,0.007886434820585597,0.9005817506847468,24.192579746246338,25.749135783167596,22.63602370932508,24.276676547099427,23.1755149622404,22.004657849031293,20.08930541913245,25.043813705444336
2020-06-23,24.058299155468237,24.21627183945244,23.370653875891403,23.584381103515625,440100,0.0,0,-0.0070424056460022255,0.8942394886790379,24.215346240997313,25.720957968589207,22.70973451340542,24.276676547099427,23.67266455641197,22.004657849031293,20.08930541913245,24.76189422607422
2020-06-24,23.1662223410811,23.482167749602304,22.552916965105865,22.980371475219727,757600,0.0,0,-0.025610577850010308,0.87133749863767,24.181428527832033,25.765077118201997,22.597779937462068,24.123350679683575,23.67266455641197,22.004657849031293,20.034228907813187,24.884057998657227
2020-06-25,22.76664129797709,23.62155198087896,22.76664129797709,23.584381103515625,788300,0.0,0,0.026283719083793677,0.8942394886790379,24.18932695388794,25.759201553940795,22.619452353835083,24.123350679683575,23.733066016832552,22.004657849031293,19.928664055343617,25.043813705444336
2020-06-26,23.44499785058375,23.6029705614686,22.822399727967607,22.91532516479492,1168600,0.0,0,-0.028368602753835792,0.8688711638579091,24.174923610687255,25.785915634970863,22.563931586403648,24.123350679683575,23.98860810868542,22.004657849031293,19.544357689288187,25.5418701171875
2020-06-29,23.18314803771069,23.718794055776893,22.844844534766388,23.662410736083984,859500,0.275,0,0.032602006121075,0.8971981068604302,24.16813850402832,25.786628538135442,22.5496484699212,23.970025048726608,23.98860810868542,22.004657849031293,19.544357689288187,25.48548698425293
2020-06-30,23.577836331650857,24.357812506916265,23.521453008439515,23.812768936157227,1059200,0.0,0,0.006354306065863069,0.9028991782331344,24.150286293029787,25.77624898360124,22.524323602458335,23.468228281376696,24.47181995289455,22.004657849031293,19.544357689288187,25.447898864746094
2020-07-01,23.831564178244957,24.263839313879977,23.634219856729388,23.74698829650879,561500,0.0,0,-0.002762410361634049,0.9004050001876723,24.082682418823243,25.656261761446235,22.50910307620025,23.468228281376696,24.518282790962793,21.821131240345267,19.544357689288187,25.833187103271484
2020-07-02,24.696114227979624,25.165979402688876,24.207454016107597,24.461181640625,867900,0.0,0,0.03007511248157768,0.9274847818472916,24.069837951660155,25.626379998815466,22.513295904504844,23.85944818389737,24.518282790962793,22.000012595432928,19.544357689288187,25.5418701171875
2020-07-06,25.04381331163947,25.175376778640203,24.461181502041185,24.4799747467041,580700,0.0,0,0.0007682828391204488,0.9281973524887301,24.04956979751587,25.57295701029695,22.526182584734787,23.864146871873032,24.518282790962793,22.10455350280037,19.544357689288187,24.49877166748047
2020-07-07,24.09468458899327,24.09468458899327,23.371093612086984,23.3898868560791,530300,0.0,0,-0.04452978003058461,0.886864928557436,23.933910369873047,25.276222251232138,22.591598488513956,23.864146871873032,24.518282790962793,22.353128299886155,19.544357689288187,24.62093734741211
2020-07-08,23.32410763912292,23.831562902372223,23.230134243070072,23.52145195007324,701600,0.0,0,0.005624870902697143,0.8918534292887014,23.839232540130617,25.003885561586973,22.67457951867426,23.971009038308644,24.518282790962793,22.353128299886155,19.544357689288187,23.72819328308105
2020-07-09,23.64361486718796,23.64361486718796,23.02339299519857,23.258325576782227,535500,0.0,0,-0.01118665522219997,0.881876572466512,23.783901119232176,24.948540124564325,22.619262113900028,23.998888253303903,24.518282790962793,22.525039516639836,19.544357689288187,23.878549575805664
2020-07-10,23.352301458300012,23.756385828500417,23.352301458300012,23.73759078979492,484700,0.0,0,0.020606178696334077,0.9000486787068676,23.818509769439697,24.93282955335586,22.704189985523534,24.010110656703297,24.518282790962793,22.96178648234618,19.716268644756113,24.17926406860352
2020-07-13,23.8691511976723,24.05709798987496,23.399286009559088,23.51205444335937,500100,0.0,0,-0.009501231545894995,0.8914971078078967,23.79677286148071,24.917245613197835,22.676300109763588,24.09938488691939,24.518282790962793,22.96178648234618,20.046730771441748,23.690601348876957
2020-07-14,23.587229849926576,24.20745167722658,23.587229849926576,23.90673828125,380700,0.0,0,0.016786446239371422,0.906462176080669,23.783619117736816,24.892252503596474,22.674985731877157,24.09938488691939,24.16516618129166,23.71912655020003,21.232566750322018,23.33350372314453
2020-07-15,24.34841067392314,24.34841067392314,23.89734058335992,23.96312141418457,375500,0.0,0,0.0023584619646248584,0.9086000326453264,23.71567096710205,24.574947089566678,22.85639484463742,24.09938488691939,24.123350679683575,23.78185128673183,21.439104049798395,23.40868186950684
2020-07-16,23.775177801570965,23.878548716521777,23.418081047258045,23.51205444335937,389600,0.0,0,-0.01882338127111427,0.8914971078078966,23.66280403137207,24.429662579381528,22.89594548336261,24.09938488691939,24.123350679683575,23.78185128673183,22.1905099782227,23.40868186950684
2020-07-17,23.52145115943565,23.86915038303232,23.418080248012824,23.784574508666992,230500,0.0,0,0.01159065303987461,0.9018301414705496,23.656551551818847,24.417205619010243,22.89589748462745,23.685901834560855,24.123350679683575,23.78185128673183,22.1905099782227,23.756383895874023
2020-07-20,23.690601141629223,23.690601141629223,22.901229300680267,23.07037925720215,243700,0.0,0,-0.030027665670646964,0.8747502874907597,23.631780529022215,24.434226792168396,22.829334265876035,23.624819987301706,24.123350679683575,23.81902090294208,22.1905099782227,23.60602569580078
2020-07-21,23.23013549910785,24.17926344501276,23.117368851661976,23.73759078979492,494400,0.0,0,0.028920700659243792,0.9000486787068673,23.631077575683594,24.433122768478746,22.829032382888442,23.624819987301706,24.123350679683575,23.81902090294208,22.1905099782227,23.418079376220703
2020-07-22,23.50265672982098,24.254440307617188,23.42747837204136,24.254440307617188,402100,0.0,0,0.021773461443461706,0.9196458539099299,23.66458053588867,24.511258554563334,22.81790251721401,23.624819987301706,24.123350679683575,23.81902090294208,22.1905099782227,23.69999885559082
2020-07-23,24.122881181141604,24.25444287307321,23.70939927342191,24.028907775878903,362900,0.0,0,-0.00929860796117632,0.9110944276513002,23.717007350921627,24.515714505377566,22.918300196465687,23.624819987301706,23.970025048726608,23.81902090294208,22.1905099782227,23.54964256286621
2020-07-24,23.99131698375803,24.104083624381968,23.44627344102651,23.54964256286621,237000,0.0,0,-0.019945359875815694,0.8929223214109447,23.71527042388916,24.515287914959323,22.915252932818994,23.624819987301706,23.864146871873032,23.81902090294208,22.223033182909255,23.15495491027832
2020-07-27,23.43687586229904,23.63421837908291,22.938818122369103,23.596630096435547,399300,0.0,0,0.0019952546389570003,0.8947039288149682,23.74933567047119,24.462636291083623,23.036035049858757,23.624819987301706,23.864146871873032,23.642462598106512,22.966433147505516,22.779062271118164
2020-07-28,23.55904147093794,24.517566934733267,23.465068069947385,24.414196014404297,409100,0.0,0,0.03464757105686256,0.9257032467634388,23.786924934387205,24.55564598146985,23.01820388730456,23.70939811770677,23.864146871873032,23.62155484730247,22.966433147505516,23.258325576782227
2020-07-29,24.61153860071233,25.053211224120258,24.2168517782906,25.043813705444336,641100,0.0,0,0.025788999591408457,0.9495762074159867,23.84847717285156,24.794462969235536,22.902491376467584,23.977220262400262,23.864146871873032,23.726095754669913,22.966433147505516,23.051586151123047
2020-07-30,24.508166610159748,24.9310459700172,24.292029067296312,24.76189422607422,741300,0.0,0,-0.011257050650749334,0.9388867799523585,23.899222469329832,24.92444749959286,22.873997439066805,23.977220262400262,23.864146871873032,23.9746705517557,22.966433147505516,22.71328353881836
2020-07-31,24.508166235854443,24.89345551677646,23.59662848700853,24.884057998657227,943100,0.0,0,0.004933539068847637,0.943518814562478,23.92036628723144,25.00734892968738,22.833383644775502,23.99601467324468,23.971009038308644,23.89800761804777,22.966433147505516,22.01788330078125
2020-08-03,24.83707367175425,25.072006261472104,24.32022089893893,25.043813705444336,518200,0.0,0,0.006420002187574436,0.9495762074159867,23.948558235168456,25.11910920074072,22.77800726959619,24.005412191920605,23.998888253303903,23.928208348258064,22.966433147505516,22.05547142028809
2020-08-04,24.884058183111584,25.65463675066757,24.8652631467338,25.5418701171875,681500,0.0,0,0.019887402837327928,0.9684608119776105,24.056157398223874,25.387905498569133,22.724409297878616,24.29672743651834,24.24974064271698,24.055979394184497,22.966433147505516,21.688974380493164
2020-08-05,25.692227008719648,25.758007844123,25.2223618502462,25.48548698425293,363500,0.0,0,-0.0022074786488178733,0.9663229554129531,24.15435914993286,25.59997945776389,22.708738842101827,24.34841298324605,24.329618572401635,23.979316578706012,22.966433147505516,21.858129501342773
2020-08-06,25.363322986336897,25.56066730008951,25.175377983955837,25.447898864746094,514400,0.0,0,-0.0014748833141803308,0.9648977418099051,24.26383781433105,25.752908106827125,22.774767521834978,24.34841298324605,24.329618572401635,23.970024117135623,22.966433147505516,22.41257095336914
2020-08-07,25.306938609205627,25.95535305249693,25.18477265998018,25.833187103271484,293600,0.0,0,0.0151402770253517,0.9795065609220434,24.36861763000488,25.985684298280894,22.751550961728867,24.710210561222155,24.428291176588598,23.993255536169745,22.966433147505516,23.023393630981445
2020-08-10,25.89896684639881,26.03053030864999,25.363320856385183,25.5418701171875,530000,0.0,0,-0.011276850390910198,0.9684608119776105,24.470108413696288,26.11425672373992,22.825960103652655,24.81357939782926,24.46587980466513,24.188865487430082,22.966433147505516,22.910625457763672
2020-08-11,25.776805607283386,25.86138148814643,24.348414944255836,24.49877166748047,1472000,0.0,0,-0.04083876571767209,0.9289100677705103,24.49971008300781,26.12318607147903,22.87623409453659,24.81357939782926,24.46587980466513,24.191214831417913,22.966433147505516,22.53473281860352
2020-08-12,24.71490895407156,25.02501991627086,24.4329905493062,24.62093734741211,560600,0.0,0,0.004986604291422614,0.9335421747008005,24.532600879669186,26.1376102854508,22.92759147388757,24.81357939782926,24.46587980466513,24.191214831417913,22.966433147505516,22.102458953857425
2020-08-13,23.934933331770974,24.320222663471107,23.54964400007085,23.72819328308105,1213500,0.0,0,-0.03625954819404531,0.8996923572260629,24.543407821655272,26.12322762324781,22.963588020062733,24.79008715436042,24.46587980466513,24.24464591463572,22.966433147505516,20.99357795715332
2020-08-14,23.624821934919563,24.18866053942417,23.57783613137481,23.878549575805664,670600,0.0,0,0.00633660940514269,0.9053933562785965,24.548106575012206,26.11931314660609,22.976900003418322,24.79008715436042,24.46587980466513,24.258585522133348,22.966433147505516,21.35067176818848
2020-08-17,23.84096232514744,24.226251666579078,23.60602971245041,24.17926406860352,363700,0.0,0,0.01259349910861185,0.9167954267038341,24.603550815582274,26.03262371029597,23.17447792086858,24.79008715436042,24.46587980466513,24.264196723833045,22.966433147505516,20.73984909057617
2020-08-18,24.16046652557719,24.16046652557719,23.540244635724356,23.690601348876957,648000,0.0,0,-0.020209991434813168,0.8982669989826737,24.601201343536378,26.036167554683317,23.16623513238944,24.785387472187175,24.46587980466513,24.30883383894109,22.966433147505516,20.87141227722168
2020-08-19,23.69060045531463,23.78457384558887,23.23953033287029,23.33350372314453,692800,0.0,0,-0.015073387985119813,0.8847270719927787,24.555154514312743,26.088507730726278,23.02180129789921,24.63503032076014,24.46587980466513,24.132275534105524,22.966433147505516,21.360071182250977
2020-08-20,23.10796845720797,23.765780390906723,23.10796845720797,23.40868186950684,280900,0.0,0,0.0032218970307378303,0.8875775715190456,24.524143218994144,26.12322028130017,22.925066156688118,24.56924938292898,24.46587980466513,24.111367783301482,22.966433147505516,22.37497901916504
2020-08-21,23.361696070982635,23.50265525894856,23.089173420840964,23.40868186950684,310800,0.0,0,0.0,0.8875775715190456,24.517095184326173,26.134627904204628,22.89956246444772,24.4752774544937,24.46587980466513,24.111367783301482,22.966433147505516,22.28466415405273
2020-08-24,23.43687543344742,23.812767215010076,23.22073609070467,23.756383895874023,277000,0.0,0,0.014853549990788473,0.9007612493483064,24.5250828742981,26.125661267905706,22.924504480690494,24.057096668555914,24.46587980466513,23.904626257122217,22.966433147505516,22.550861358642575
2020-08-25,23.91613662009863,24.028903251265145,23.455667200256613,23.60602569580078,566000,0.0,0,-0.006329170328795541,0.8950601779756022,24.484674358367922,26.13499093189719,22.834357784838655,23.704698042156036,24.484674215509546,23.87408533349264,22.966433147505516,23.187837600708008
2020-08-26,23.69060023383558,23.925532811128164,23.25832515196601,23.418079376220703,743400,0.0,0,-0.007961794247030363,0.8879338929998501,24.40338764190674,26.095613758717477,22.711161525096003,23.65771254371002,24.484674215509546,23.87408533349264,22.966433147505516,23.796295166015625
2020-08-27,23.41808046666968,23.8315623238283,23.41808046666968,23.69999885559082,312400,0.0,0,0.012038539747046162,0.8986233204634783,24.35029287338257,26.060929356929666,22.639656389835476,23.65771254371002,24.484674215509546,23.87408533349264,22.966433147505516,23.929391860961918
2020-08-28,23.869151031956424,23.869151031956424,23.2583266501287,23.54964256286621,442600,0.0,0,-0.006344147678688183,0.8929223214109449,24.28357210159302,26.009921570646505,22.557222632539535,23.62481997320908,24.484674215509546,23.79742251801416,22.966433147505516,23.957914352416992
2020-08-31,23.38048997587791,23.568436760074256,23.08917407352761,23.15495491027832,605100,0.0,0,-0.016759814996523348,0.8779571084978313,24.18912916183472,25.94551732655064,22.432740997118803,23.559038336053057,24.484674215509546,23.74448342958737,22.966433147505516,23.530092239379883
2020-09-01,23.09857071670888,23.286517493783407,22.74147399113924,22.779062271118164,575200,0.0,0,-0.016233788431749496,0.8637045385463269,24.05098876953125,25.79447824976309,22.307499289299415,23.385188621202193,24.386002149894615,23.74448342958737,22.966433147505516,24.271648406982425
2020-09-02,22.722679577554423,23.267723095132776,22.431363678260823,23.258325576782227,623000,0.0,0,0.021039641577859314,0.881876572466512,23.939630699157718,25.58297675101909,22.296284647296346,23.230133464762986,24.230946993455404,23.7867724947899,22.966433147505516,24.51883316040039
2020-09-03,23.277121220235053,24.05709733972827,22.96701027615687,23.051586151123047,660400,0.0,0,-0.00888883531089435,0.8740377168493212,23.819815063476565,25.3501844355288,22.28944569142433,23.244230508994548,24.230946993455404,23.92068356713665,23.1755149622404,24.442777633666992
2020-09-04,23.089175335360316,23.40868381051934,22.39377506365933,22.71328353881836,358100,0.0,0,-0.014675893020411723,0.8612104328210356,23.663819885253908,24.956716349500187,22.370923421007628,23.2254362016938,24.21215268615466,23.92068356713665,23.67266455641197,23.815305709838867
2020-09-08,22.544131816744585,22.59111941163009,21.970895705895742,22.01788330078125,621500,0.0,0,-0.030616455645817497,0.8348432218028551,23.487620544433597,24.66263243324144,22.312608655625752,23.013996522812008,24.000713007272864,23.983511855776662,23.67266455641197,23.56812286376953
2020-09-09,22.16823985478126,22.4971458469601,21.86752641932408,22.05547142028809,544900,0.0,0,0.0017071631724701053,0.8362684354059032,23.365455532073977,24.60169147290151,22.129219591246443,22.962311879526176,23.949028363987033,24.002150222612254,23.733066016832552,23.50157165527344
2020-09-10,22.02727784846056,22.1870320647348,21.56681023505673,21.688974380493164,770100,0.0,0,-0.016617057636673205,0.8223721146150328,23.21885738372803,24.519221806448865,21.918492961007193,22.8119537873925,23.79867027185336,24.27323403961766,23.98860810868542,22.969173431396484
2020-09-11,21.77355362124609,21.942705381439456,21.510428461790465,21.858129501342773,637100,0.0,0,0.0077991295430615,0.8287859012695169,23.125354194641115,24.531594163707673,21.719114225574558,22.783762900759367,23.770479385220227,24.339015777823843,23.98860810868542,22.44628143310547
2020-09-14,22.102459985387156,22.51594008110078,22.06486990810762,22.41257095336914,612700,0.0,0,0.02536545736872431,0.8498084347159686,23.05205526351929,24.446259792944396,21.657850734094183,22.783762900759367,23.770479385220227,24.339015777823843,24.47181995289455,22.8455810546875
2020-09-15,22.54413093622891,23.23013366322251,22.534733417618853,23.023393630981445,784400,0.0,0,0.027253574740852438,0.8729687524069071,22.994261741638187,24.28792470322338,21.700598780052996,22.783762900759367,23.770479385220227,24.569250868905378,24.518282790962793,22.512834548950195
2020-09-16,23.07977720986061,23.23953144324178,22.82605137410863,22.910625457763672,717600,0.0,0,-0.004897982244721155,0.8686929669574217,22.95526294708252,24.208573975729447,21.701951918435594,22.783762900759367,23.685904974968448,24.639729601247193,24.518282790962793,22.99769401550293
2020-09-17,22.69448704594113,23.107968891825543,22.478349500835343,22.53473281860352,584100,0.0,0,-0.016406913021781988,0.8544403970059176,22.915324401855468,24.168786885180484,21.66186191853045,22.4595561361549,23.267724189030663,24.639729601247193,24.518282790962793,23.197343826293945
2020-09-18,22.40317238848512,22.609912426693302,22.04607384056964,22.102458953857425,1784400,0.0,0,-0.019182560016386407,0.8380500428099266,22.850013256072998,24.12997525982735,21.570051252318645,22.37497995251612,22.915325562630784,24.639729601247193,24.518282790962793,22.35121154785156
2020-09-21,21.576209820222797,21.61379989778524,20.86201627047187,20.99357795715332,914900,0.0,0,-0.05017002854836561,0.7960050482371935,22.729258060455322,24.216889584330943,21.2416265365797,22.050773856856825,22.544133968525472,24.627983479512775,24.518282790962793,21.448034286499023
2020-09-22,21.04995835900732,21.40705687670492,21.0217675971424,21.35067176818848,591600,0.0,0,0.017009668945616063,0.8095448305867473,22.608972454071044,24.133929251265037,21.08401565687705,22.050773856856825,22.544133968525472,24.627983479512775,24.518282790962793,20.84908866882324
2020-09-23,21.22850931577673,21.47283942837701,20.73984909057617,20.73984909057617,562500,0.0,0,-0.02860906130936869,0.7863845128958086,22.465663623809814,24.123318059486383,20.808009188133244,21.989690266908973,22.45015780807668,24.627983479512775,24.518282790962793,20.868104934692383
2020-09-24,20.79623391348268,21.040564043732825,20.61768641984854,20.87141227722168,486000,0.0,0,0.0063434977791276825,0.7913729413069035,22.338330268859863,24.074054960704927,20.6026055770148,21.92860893154516,22.337391879788406,24.62563363842615,24.518282790962793,21.324443817138672
2020-09-25,20.721054234823534,21.47283961690019,20.627082630408232,21.360071182250977,576500,0.0,0,0.023412833714305137,0.8099012243877226,22.22133388519287,23.8874652744731,20.55520249591264,21.92860893154516,22.337391879788406,24.550455062712636,24.291723636877926,21.448034286499023
2020-09-28,21.735962097594022,22.54413076809777,21.63259297844111,22.37497901916504,969500,0.0,0,0.04751425349918281,0.8483830764725794,22.162600708007812,23.71504186750573,20.610159548509895,21.92860893154516,22.337391879788406,24.517564593797054,24.291723636877926,22.104026794433597
2020-09-29,22.29417148071732,22.35121362736769,21.647687774222607,22.28466415405273,684000,0.275,0,-0.004036422337422074,0.8449586440720146,22.119086170196532,23.60445467766948,20.633717662723583,21.86282765583704,22.337391879788406,24.470578629579414,24.291723636877926,22.1230411529541
2020-09-30,22.531848519231172,22.79804640436172,22.275156147137785,22.550861358642575,1574000,0.0,0,0.011945309238211355,0.8550519363689546,22.107676124572755,23.575810973600916,20.639541275544595,21.70786641210513,22.337391879788406,24.26148823661052,24.291723636877926,22.588890075683597
2020-10-01,22.55086124358027,23.197344927033743,22.265648707156483,23.187837600708008,864800,0.0,0,0.028246204521199525,0.8792039082398798,22.104151725769043,23.56140131023926,20.646902141298828,21.90751567344114,22.337391879788406,24.09468612883279,24.291723636877926,21.92339134216309
2020-10-02,22.73149812944171,23.834322660176912,22.560369872372934,23.796295166015625,1229800,0.0,0,0.026240375484130496,0.9022745489192093,22.14138717651367,23.727393827220453,20.55538052580689,22.226004540012724,22.337391879788406,24.07119337960978,24.291723636877926,22.893115997314453
2020-10-05,23.9769266775191,24.08150544994933,23.482558419978524,23.929391860961918,932300,0.0,0,0.005593168769244983,0.9073211227475089,22.20219259262085,23.957393042578808,20.446992142662893,22.349595934898936,22.349595934898936,24.07119337960978,24.291723636877926,23.558616638183597
2020-10-06,24.11002794466484,24.28115618927792,23.634672515556066,23.957914352416992,1591500,0.0,0,0.0011919438496723611,0.9084025985794456,22.299194145202637,24.212064237047986,20.38632405335729,22.44942130456323,22.44942130456323,24.054747094359314,24.291723636877926,23.311431884765625
2020-10-07,24.138546569544516,24.138546569544516,23.473050099261187,23.530092239379883,1209300,0.0,0,-0.01785723526446903,0.8921810396617574,22.372925186157225,24.35570555197439,20.390144820340062,22.454119409843074,22.44942130456323,24.021856275781303,24.291723636877926,23.39699363708496
2020-10-08,23.663192236088104,24.28115573298638,23.644179397417204,24.271648406982425,654100,0.0,0,0.03151522569730836,0.9202983264895569,22.502058887481688,24.622984892443622,20.381132882519754,22.956874583859516,22.44942130456323,23.885595385548406,24.291723636877926,24.319185256958008
2020-10-09,24.404747063005168,24.585382628323853,23.95791362599263,24.51883316040039,1228300,0.0,0,0.010184094185661241,0.929670731325433,22.63509407043457,24.907824349953994,20.362363790915143,23.11653520127323,22.601534524086198,23.730540229109195,24.230946993455404,24.96566772460937
2020-10-12,24.452284960759517,24.594893053810097,24.195594382610373,24.442777633666992,1128800,0.0,0,-0.003101922764262466,0.9267869645206661,22.736604404449462,25.139586124469634,20.33362268442929,23.43027088048329,22.606289736829318,23.737588751224976,24.230946993455404,25.54560089111328
2020-10-13,24.252633637212437,24.509325998061897,23.520585858495235,23.815305709838867,846000,0.0,0,-0.025671056425430883,0.9029953640601023,22.776200008392333,25.22295674309507,20.329443273689595,23.43027088048329,22.606289736829318,23.71879444392423,24.21215268615466,25.193836212158203
2020-10-14,23.777278598162265,24.00544898477353,23.47305141601391,23.56812286376953,721900,0.0,0,-0.01037915906186404,0.8936230315443966,22.809074878692627,25.279984839088183,20.33816491829707,23.577631463091514,22.606289736829318,23.507354765042436,24.000713007272864,25.55510902404785
2020-10-15,23.311430572498363,23.701221877524876,23.1688243070828,23.50157165527344,1579600,0.0,0,-0.00282378061590971,0.8910996361499911,22.857416820526122,25.342912495003958,20.371921146048287,23.88185868044645,22.606289736829318,23.455670121756604,23.949028363987033,25.54560089111328
2020-10-16,23.501570986692737,23.66319189978908,22.90262396365158,22.969173431396484,1613200,0.0,0,-0.02265372851170544,0.8709129069157697,22.900752544403076,25.3619269864166,20.439578102389554,23.748758508730837,22.606289736829318,23.305312029622932,23.79867027185336,25.925886154174805
2020-10-19,23.14029984680643,23.1878346590677,22.417759457746595,22.44628143310547,1966900,0.0,0,-0.022764946237737727,0.8510866214120804,22.973387718200684,25.28474648891144,20.662028947489926,23.506326255778347,22.606289736829318,23.2771211429898,23.770479385220227,26.391733169555664
2020-10-20,22.70297298478021,23.14980821892744,22.645930844819453,22.8455810546875,1231300,0.0,0,0.01778912123025922,0.8662267044978316,23.048133182525635,25.23689609950147,20.8593702655498,23.506326255778347,22.606289736829318,23.2771211429898,23.770479385220227,25.973419189453125
2020-10-21,22.655440822212768,22.7505122755002,22.370228275687623,22.512834548950195,1884700,0.0,0,-0.014565027036991474,0.8536100891266566,23.136782455444337,25.07057135858195,21.202993552306722,23.48256066474886,22.606289736829318,23.2771211429898,23.770479385220227,25.897363662719727
2020-10-22,22.522338630885965,23.035721503337104,22.44628184188073,22.99769401550293,435900,0.0,0,0.021537024380403613,0.871994310427536,23.243096542358398,24.87408665425486,21.612106430461935,23.48256066474886,22.606289736829318,23.234833937863907,23.770479385220227,25.317428588867188
2020-10-23,23.092766868347297,23.3114299234522,22.95015879356523,23.197343826293945,604700,0.0,0,0.008681296944660133,0.8795643519704115,23.334960174560546,24.716809096648618,21.953111252472475,23.43977713687476,22.606289736829318,22.86364016259278,23.770479385220227,25.212852478027344
2020-10-26,23.026215358201764,23.026215358201764,22.09451919180136,22.35121154785156,526000,0.0,0,-0.036475394975320596,0.8474818948260788,23.333771800994874,24.718994306362784,21.948549295626965,23.049984088287445,22.606289736829318,22.645152757573452,23.770479385220227,24.96566772460937
2020-10-27,22.80755096651562,22.80755096651562,21.43852696127704,21.448034286499023,1672800,0.0,0,-0.04040842526226951,0.8132364860178727,23.29194030761719,24.843783431027738,21.74009718420664,22.56987441940096,22.606289736829318,22.297453912691147,23.446273289560928,24.87059593200684
2020-10-28,21.086766374918653,21.32444408101406,20.773031875406197,20.84908866882324,880500,0.0,0,-0.02792543175170159,0.790526506029587,23.20685167312622,25.070844227900967,21.342859118351473,22.218111887597637,22.606289736829318,22.297453912691147,23.446273289560928,25.174823760986328
2020-10-29,20.81106097521441,21.096275332592874,20.611412557052905,20.868104934692383,703600,0.0,0,0.0009120909873427951,0.7912475381309921,23.090865039825438,25.218285439961498,20.963444639689378,21.96142124025255,22.6031528054315,22.219924037492824,23.38518969961308,24.642427444458008
2020-10-30,20.78253894408076,21.32444381713867,20.620918033402347,21.324443817138672,1469000,0.0,0,0.02186776824605885,0.8085503559201053,22.96727247238159,25.202090758860592,20.73245418590259,21.96142124025255,22.6031528054315,22.133000405666785,23.324108364249263,24.281156539916992
2020-11-02,21.495570912608933,21.647684489486902,21.067750344304105,21.448034286499023,737000,0.0,0,0.005795718304316022,0.8132364860178727,22.84320459365845,25.12611421014845,20.560294977168446,21.96142124025255,22.6031528054315,22.133000405666785,23.324108364249263,24.3762264251709
2020-11-03,21.78078496721148,22.284662359842898,21.54310725974445,22.104026794433597,689900,0.0,0,0.030585204181042602,0.838109489990203,22.750510215759277,24.994651025133496,20.50636940638506,21.96142124025255,22.6031528054315,22.133000405666785,23.324108364249263,24.41425323486328
2020-11-04,21.98994040546788,22.322689554177973,21.52409232260853,22.1230411529541,637300,0.0,0,0.0008602214744550807,0.8388304497714372,22.68015766143799,24.91015285280909,20.450162470066886,21.96142124025255,22.6031528054315,22.100109767812725,23.324108364249263,24.281156539916992
2020-11-05,22.16106946667296,22.721989014781556,22.03747785370158,22.588890075683597,705300,0.0,0,0.021057182848809752,0.8564938559314237,22.596019744873047,24.70168397369693,20.490355516049163,21.818813957627334,22.6031528054315,22.022629145946766,23.324108364249263,24.83256721496582
2020-11-06,22.598396977788152,22.607904303736337,21.41000843432016,21.92339134216309,721400,0.0,0,-0.029461329498296163,0.8312604082285618,22.466247653961183,24.392295512733615,20.54019979518875,21.70948176178426,22.6031528054315,22.122453776614773,23.324108364249263,25.6691951751709
2020-11-09,23.75826268046849,25.250878346715865,22.85508850823995,22.893115997314453,1042100,0.0,0,0.04423242006752792,0.8680290677908323,22.388764572143554,24.10117150878752,20.67635763549959,22.931145451884383,22.931145451884383,22.281698209900565,23.324108364249263,25.383981704711918
2020-11-10,22.912132939249812,23.87235116109709,22.87410363303624,23.558616638183597,963600,0.0,0,0.029069902102763612,0.893262587813865,22.37593011856079,24.048329308126476,20.703530928995107,22.931145451884383,22.931145451884383,22.349595934898936,23.324108364249263,25.12728881835937
2020-11-11,23.65368657836208,23.720237865083615,23.19734577800871,23.311431884765625,741500,0.0,0,-0.010492328866939404,0.8838901829779886,22.363095569610596,24.001944291449533,20.72424684777166,22.935898190059106,22.931145451884383,22.44942130456323,23.324108364249263,24.51883316040039
2020-11-12,23.111779305805857,23.872349042546503,22.74100266981368,23.39699363708496,1047900,0.0,0,0.00367037738146192,0.8871343935132873,22.35786666870117,23.982606845824947,20.733126491577394,23.159314345509983,22.931145451884383,22.451770357203152,23.324108364249263,24.33819961547852
2020-11-13,23.644181374273888,24.547355660119003,23.644181374273888,24.319185256958008,966100,0.0,0,0.039414962203150106,0.922100762102728,22.425367259979247,24.248434713320062,20.60229980663843,23.330443390518013,22.931145451884383,22.703147944211373,23.324108364249263,24.60439682006836
2020-11-16,25.174823463717463,25.52658728434257,24.766017498487805,24.96566772460937,1066800,0.0,0,0.026583228871386533,0.9466131777041847,22.551336574554444,24.68770564517739,20.414967503931496,23.468297859331365,23.068999920697735,22.859034862679714,23.324108364249263,24.252634048461918
2020-11-17,24.727988994128257,25.659685175651607,24.68045236445645,25.54560089111328,916500,0.0,0,0.02322922714910014,0.9686022702314068,22.686337566375734,25.19345181959991,20.179223313151557,23.534846804985882,23.135548866352256,23.018280308656305,23.324108364249263,24.727991104125977
2020-11-18,25.50757070377613,26.12553236140696,25.16531423534314,25.193836212158203,1174700,0.0,0,-0.013770068688321535,0.9552645504386561,22.820387649536134,25.55500774269248,20.085767556379786,23.76777039786356,23.368472459229935,23.018280308656305,23.324108364249263,24.95615768432617
2020-11-19,25.19383966818377,25.64067315289356,24.90862711425619,25.55510902404785,806300,0.0,0,0.014339730116817329,0.9689627862821093,22.94825839996338,25.934524566460993,19.961992233465764,24.433267515610318,23.368472459229935,23.091960599960416,23.324108364249263,24.556859970092773
2020-11-20,25.28890853089654,25.69771447938905,25.05123082254852,25.54560089111328,1067400,0.0,0,-0.00037206387676225194,0.9686022702314069,23.065671253204346,26.261528334572635,19.869814171836058,24.433267515610318,23.368472459229935,23.244074208637883,23.324108364249263,24.676977157592773
2020-11-23,25.811800050612423,26.505818558383687,25.697715760387144,25.925886154174805,1325800,0.0,0,0.014886526438836478,0.9830213935359238,23.244404983520507,26.655444417661876,19.83336554937914,24.62341061409868,23.558615557718298,23.177524122780078,23.324108364249263,25.061355590820312
2020-11-24,26.4012404955682,26.914623406885674,26.154055459253478,26.391733169555664,1081800,0.0,0,0.017968412443477577,1.0006847273757393,23.49158992767334,27.060690820554935,19.92248903479174,24.827813038349674,23.76301798196929,23.056307996303833,23.324108364249263,24.37908935546875
2020-11-25,26.44877459720545,26.44877459720545,25.773770788598892,25.973419189453125,693000,0.0,0,-0.01585018980811337,0.9848236845087537,23.747806453704833,27.255875573614105,20.23973733379556,25.279402390579783,23.76301798196929,23.056307996303833,23.324108364249263,24.14845848083496
2020-11-27,25.9734204591446,26.201590848419222,25.593136477020234,25.897363662719727,210200,0.0,0,-0.0029282061856639174,0.9819399177039868,23.9992693901062,27.362064163601538,20.63647461661086,25.797537885671062,23.76301798196929,23.04442520078909,23.324108364249263,24.28299331665039
2020-11-30,25.697714371293987,25.89736277506476,25.30792307630982,25.317428588867188,1331700,0.0,0,-0.022393595016290346,0.9599507528565943,24.198918628692628,27.369393930036466,21.02844332734879,25.797537885671062,23.76301798196929,23.04442520078909,23.239533953997487,23.83135032653809
2020-12-01,25.73574272643138,25.74525005264526,25.108273703011715,25.212852478027344,802000,0.0,0,-0.0041305976423620105,0.9559855825400612,24.387159538269042,27.31742321547601,21.456895861062076,25.911625260570933,23.76301798196929,23.02303343685204,22.8213531680597,23.93705368041992
2020-12-02,25.13679597176013,25.355459037191824,24.889610927357605,24.96566772460937,790300,0.0,0,-0.00980391860196661,0.9466131777041847,24.530241584777833,27.272024556917252,21.788458612638415,25.902117167121638,23.76301798196929,22.82813691255838,22.606289736829318,23.95627212524414
2020-12-03,24.984682032980984,25.11778097300328,24.78503180961049,24.87059593200684,640200,0.0,0,-0.003808101335451841,0.9430083787980131,24.66761932373047,27.176178427961194,22.159060219499747,25.849827608248084,23.76301798196929,22.58808207811514,22.606289736829318,24.35025978088379
2020-12-04,25.041724817558347,25.39348682900004,25.013202838250734,25.174823760986328,1119800,0.0,0,0.012232430208395817,0.9545436629775923,24.796916007995605,27.12147977169829,22.47235224429292,25.849827608248084,23.76301798196929,22.412200812213477,22.606289736829318,24.47517967224121
2020-12-07,25.12729023766347,25.12729023766347,24.59489262316495,24.642427444458008,669900,0.0,0,-0.021147965983117634,0.9343570060635417,24.932867813110352,26.847070979014568,23.018664647206137,25.75475801502531,23.76777072014401,22.282287022842027,22.6031528054315,25.186277389526367
2020-12-08,24.31918403185957,24.65193319970829,24.224112581997503,24.281156539916992,1082700,0.0,0,-0.014660524226166038,0.9206588425402591,25.00226984024048,26.702077103577057,23.302462576903903,25.336443589601476,23.99118687559489,22.282287022842027,22.6031528054315,25.17667007446289
2020-12-09,24.480805202419983,24.56636932683521,24.091013886011527,24.3762264251709,1285200,0.0,0,0.003915377140195853,0.9242635691262604,25.043150329589842,26.637026364486065,23.44927429469362,25.146302367215377,24.162315920602918,22.282287022842027,22.6031528054315,25.1190128326416
2020-12-10,24.44277339786122,24.53784483897381,24.100518748527573,24.41425323486328,890000,0.0,0,0.0015599957527927533,0.9257054163685584,25.098291397094727,26.513133487287398,23.683449306902055,24.994188330538144,24.162315920602918,22.282287022842027,22.6031528054315,25.25354385375977
2020-12-11,24.23361990831742,24.46179029998414,24.12904113213543,24.281156539916992,568000,0.0,0,-0.005451598034390326,0.9206588425402591,25.14249954223633,26.384940232726102,23.900058851746557,24.918131969328392,24.162315920602918,22.282287022842027,22.6031528054315,25.1190128326416
2020-12-14,24.499818067995815,24.83256721496582,24.3096751802024,24.83256721496582,1262600,0.0,0,0.022709407360491207,0.9415664592355442,25.16816864013672,26.36121638551545,23.97512089475799,24.74225035750578,24.162315920602918,22.210983381529417,22.6031528054315,25.224714279174805
2020-12-15,25.04172610484481,25.6691951751709,24.737498896606365,25.6691951751709,791100,0.0,0,0.03369075589175763,0.9732885449695154,25.203345012664794,26.41199022897398,23.994699796355608,24.88010453059121,24.827813038349674,22.15631728360788,22.6031528054315,25.570653915405277
2020-12-16,25.849829827182425,25.9829287726491,25.28891025223409,25.383981704711918,681400,0.0,0,-0.011111118541607401,0.9624742205711706,25.195264053344726,26.396709959796027,23.993818146893425,25.036971329330314,24.827813038349674,22.931145451884383,22.931145451884383,25.570653915405277
2020-12-17,25.498065480846247,25.498065480846247,25.003695388639017,25.12728881835937,855600,0.0,0,-0.010112396445073779,0.9527412996845915,25.191936683654784,26.393752529290012,23.990120838019557,25.036971329330314,24.827813038349674,22.931145451884383,22.931145451884383,25.44573211669922
2020-12-18,25.19383697886637,25.29841575036724,24.357212246870407,24.51883316040039,1641900,0.0,0,-0.02421493470136782,0.9296707313254329,25.140122890472412,26.364232008656227,23.916013772288597,25.036971329330314,24.827813038349674,22.933521820971745,22.931145451884383,25.541826248168945
2020-12-21,24.06249258166593,24.385734435559304,23.87235148800564,24.33819961547852,452700,0.0,0,-0.007367134632393801,0.9228217218839624,25.079752826690672,26.33692707884163,23.822578574539715,24.92764013032737,25.279402390579783,23.045229898697183,22.931145451884383,25.243934631347656
2020-12-22,24.44277589764889,24.65193345215473,24.243127482897425,24.60439682006836,491300,0.0,0,0.010937423835596594,0.9329150141809023,25.013678359985352,26.22353956381753,23.803817156153176,24.92764013032737,25.393487447445658,23.130794421201198,22.931145451884383,25.67635726928711
2020-12-23,24.75651145274724,24.90862504397733,24.195591905084893,24.252634048461918,385800,0.0,0,-0.014296744365605796,0.9195773667083225,24.906723403930663,25.97940540066911,23.834041407192217,24.92764013032737,25.393487447445658,23.26864889001455,23.068999920697735,25.858936309814453
2020-12-24,24.30017046725953,24.727991104125977,24.271650300359877,24.727991104125977,246100,0.0,0,0.019600223823696528,0.9376012889190111,24.844451999664308,25.79910674944299,23.889797249885625,24.92764013032737,25.393487447445658,23.33519783566907,23.135548866352256,25.666749954223636
2020-12-28,24.756509293253263,25.00369249743775,24.59488839000225,24.95615768432617,510300,0.0,0,0.009227056870063421,0.9462525893333116,24.79739170074463,25.62248629093974,23.97229711054952,24.92764013032737,25.393487447445658,23.568121428546746,23.368472459229935,26.416284561157227
2020-12-29,25.079750186432182,25.18432895503485,24.32868959496265,24.556859970092773,674500,0.0,0,-0.01599996759453781,0.9311125785677311,24.75936326980591,25.554316787318903,23.964409752292916,24.92764013032737,25.393487447445658,23.900869987420126,23.368472459229935,25.906984329223636
2020-12-30,24.61932118279009,24.98447813367424,24.52322666955204,24.676977157592773,828600,0.275,0,0.004891390334362367,0.9356670136347405,24.73256950378418,25.49992836828856,23.9652106392798,24.685208484425942,25.393487447445658,23.900869987420126,23.368472459229935,25.97425079345703
2020-12-31,24.69619860768978,25.14784047708686,24.33103979170869,25.061355590820312,490200,0.0,0,0.015576398631518495,0.9502413360254777,24.737353897094728,25.511703871694245,23.96300392249521,24.58538361918644,25.393487447445658,24.09101308590849,23.558615557718298,25.97425079345703
2021-01-04,25.08057628810255,25.09018592410652,24.36947971946478,24.37908935546875,650600,0.0,0,-0.027223836032296278,0.9243721217024099,24.712778568267822,25.499885812401423,23.92567132413422,24.528340221520246,25.160563042605546,24.295415510159483,23.76301798196929,25.762840270996094
2021-01-05,24.359866778539036,24.763462271696323,24.110021774884483,24.14845848083496,698800,0.0,0,-0.009460192350542185,0.9156273836276263,24.661460304260252,25.455256466260725,23.86766414225978,24.647175364959665,25.036971168212432,24.521210186274537,23.76301798196929,25.705188751220703
2021-01-06,24.206118066254824,24.42713418203576,23.975492315068124,24.28299331665039,1183000,0.0,0,0.005571156267477839,0.9207284868645977,24.643488597869872,25.454472011960902,23.832505183778842,24.579910635051487,24.92764013032737,24.780277933820177,23.76301798196929,25.25354385375977
2021-01-07,24.081195355976785,24.25416513273055,23.783303980928974,23.83135032653809,752100,0.0,0,-0.01859914814548902,0.9036037213356312,24.620998287200926,25.494189083441732,23.74780749096012,24.48381646798191,24.883116376789037,24.780277933820177,23.76301798196929,24.946043014526367
2021-01-08,23.91783440968308,24.22533541007033,23.76408390948946,23.93705368041992,534600,0.0,0,0.004435474802454653,0.9076116328730196,24.59903964996338,25.517178382005042,23.68090091792172,24.474206432262157,24.87350634106928,24.837321621270114,23.76301798196929,25.17667007446289
2021-01-11,23.97549139531837,24.244553844955792,23.67759820771913,23.95627212524414,539700,0.0,0,0.0008028742835608504,0.908340330912514,24.57614059448242,25.533997022309904,23.618284166654938,24.43096358137699,24.830263490184116,24.832567574545465,23.76301798196929,25.27276039123535
2021-01-12,23.84096008371915,24.37908868810652,23.83135044797824,24.35025978088379,388000,0.0,0,0.01644611705777388,0.9232790023229982,24.57959575653076,25.533620475379486,23.625571037682036,24.412719342402994,24.830263490184116,24.806422795108688,23.76301798196929,25.10940361022949
2021-01-13,24.18689795152902,24.79229029816481,24.18689795152902,24.47517967224121,600500,0.0,0,0.005130125611862768,0.9280155395797105,24.561726379394532,25.5094274460742,23.614025312714865,24.412719342402994,24.830263490184116,24.806422795108688,23.76301798196929,25.55143547058105
2021-01-14,24.57127537808553,25.31120081863189,24.427134510760407,25.186277389526367,701600,0.0,0,0.02905383032148512,0.9549779456023608,24.537580490112305,25.39002622164341,23.6851347585812,24.49439951317551,24.830263490184116,24.76126436758466,23.76301798196929,25.522605895996094
2021-01-15,25.05174664293785,25.272762765973717,24.8787768656574,25.17667007446289,515000,0.0,0,-0.0003814503793034829,0.9546136689027843,24.527214908599852,25.342054197048636,23.712375620151068,24.49439951317551,24.830263490184116,24.663815232598182,23.76301798196929,25.541826248168945
2021-01-19,25.30159224980456,25.320811521685005,24.95565268735909,25.1190128326416,452200,0.0,0,-0.002290105945335963,0.9524275024641311,24.526801109313965,25.34041526476281,23.71318695386512,24.499204864702065,24.830263490184116,24.654309143909146,23.76301798196929,25.416906356811523
2021-01-20,25.04213554593083,25.522606306850417,24.89799468422505,25.25354385375977,578400,0.0,0,0.005355744750579872,0.9575284610607613,24.563536643981934,25.437198735541028,23.68987455242284,24.600102257284775,24.830263490184116,24.57825212557053,23.76301798196929,24.984479904174805
2021-01-21,25.090185757671577,25.320811521685005,24.676980576495197,25.1190128326416,480500,0.0,0,-0.005327213554549792,0.9524275024641312,24.60257730484009,25.502155992135396,23.702998617544782,24.600102257284775,24.830263490184116,24.540223944965653,23.76301798196929,24.984479904174805
2021-01-22,24.955650000370778,25.311199160474292,24.6865875544172,25.224714279174805,839300,0.0,0,0.004208025499945034,0.9564353416813492,24.63359317779541,25.573598183841952,23.69358817174887,24.600102257284775,24.830263490184116,24.45228313905435,23.76301798196929,24.85955810546875
2021-01-25,25.16705841187197,25.676356234124395,24.946040473785544,25.570653915405277,754500,0.0,0,0.013714313367508613,0.9695521956729275,24.69949417114258,25.706590416484982,23.692397925800176,24.753853341051318,24.830263490184116,24.853958784470443,23.76301798196929,24.897994995117188
2021-01-26,25.676356234124395,25.906981974307644,25.503388303624803,25.570653915405277,521400,0.0,0,0.0,0.9695521956729275,24.741627311706544,25.818820705156497,23.66443391825659,25.04693996291833,24.792290091013385,24.932392183839994,23.76301798196929,25.090181350708008
2021-01-27,25.17666965241833,25.71479641383069,25.12862147461776,25.44573211669922,956600,0.0,0,-0.004885358001376683,0.9648155860960445,24.766106033325194,25.88362797508682,23.648584091563567,25.167058242534026,24.792290091013385,24.932392183839994,23.76301798196929,25.15744972229004
2021-01-28,25.541826248168945,25.72440565531299,25.26315415259697,25.541826248168945,706900,0.0,0,0.003776434139486362,0.9684591486136861,24.815354347229004,25.978049801491874,23.652658892966134,25.29198127540142,24.792290091013385,24.932392183839994,23.76301798196929,26.243314743041992
2021-01-29,25.52260672415516,26.031906398883358,25.15744974634003,25.243934631347656,623300,0.0,0,-0.011662894184891859,0.9571641120410143,24.843702220916747,26.019235259676876,23.668169182156618,25.354443487689277,24.854752303301243,25.103521260453576,23.76301798196929,25.993467330932617
2021-02-01,25.37846590531366,25.762842154448844,24.8595584271938,25.67635726928711,740200,0.0,0,0.017129763812748777,0.9735601072103163,24.874452304840087,26.10272621910971,23.646178390570466,25.354443487689277,24.854752303301243,25.160563788886513,23.76301798196929,25.71479606628418
2021-02-02,25.820499601868928,25.85893630981445,25.44573116050968,25.858936309814453,520300,0.0,0,0.007110784392525105,0.9804828832258524,24.948444652557374,26.22628159519902,23.67060770991573,25.354443487689277,24.854752303301243,25.160563788886513,23.76301798196929,25.580263137817383
2021-02-03,25.69557886283385,25.85893901259036,25.330421851357908,25.666749954223636,657800,0.0,0,-0.007432105995708538,0.97319583051074,25.024359226226807,26.283123779342773,23.76559467311084,25.35924697665028,24.854752303301243,25.160563788886513,23.76301798196929,25.95503234863281
2021-02-04,25.79167288306695,26.425894197171,25.70518799179361,26.416284561157227,637100,0.0,0,0.02920255226198787,1.0016156326123786,25.131023788452147,26.479758694228842,23.782288882675452,25.6427263121824,25.051746202445067,25.160563788886513,23.76301798196929,27.08894157409668
2021-02-05,26.56042490223176,26.637300155947383,25.87815725461192,25.906984329223636,1040300,0.0,0,-0.019279782921572175,0.9823047006447588,25.234805488586424,26.48210029471185,23.987510682461,25.74842929157059,25.157449181833258,25.160563788886513,23.76301798196929,26.964019775390625
2021-02-08,25.830108094470532,26.00307786697389,25.474560746858582,25.97425079345703,760600,0.0,0,0.0025964606060890905,0.9848552161031591,25.33666534423828,26.46972400741417,24.20360668106239,25.74842929157059,25.157449181833258,25.0393479659358,23.76301798196929,26.95441055297852
2021-02-09,26.17604763947724,26.17604763947724,25.820500291865287,25.97425079345703,630900,0.0,0,0.0,0.9848552161031591,25.437564277648924,26.406882465644554,24.468246089653295,25.74842929157059,25.157449181833258,24.989435533316048,23.76301798196929,26.82948875427246
2021-02-10,26.051123811409735,26.39706149391555,25.724403565317846,25.762840270996094,852700,0.0,0,-0.008139234665208939,0.9768392483880404,25.50819330215454,26.345906465531918,24.670480138777165,25.74842929157059,25.157449181833258,24.844451632062896,23.76301798196929,26.15682983398437
2021-02-11,25.820502553942177,25.906985614919886,25.301593190971623,25.705188751220703,2096200,0.0,0,-0.0022377781008988684,0.9746532989098992,25.569693756103515,26.26147048848385,24.877917023723178,25.74842929157059,25.157449181833258,24.84207326658605,23.76301798196929,25.762840270996094
2021-02-12,25.58987192012308,25.76284168731021,25.138230064684848,25.25354385375977,523000,0.0,0,-0.01757018405241184,0.9575284610607618,25.573057079315184,26.257889032159856,24.888225126470513,25.887765110316117,25.157449181833258,24.753775382689426,23.76301798196929,25.503387451171875
2021-02-16,25.282372940534213,25.359248195091663,24.667370904074595,24.946043014526367,1192200,0.0,0,-0.012176542073227492,0.9458690754683426,25.561525726318358,26.27998147075156,24.843069981885154,25.652335530010987,25.157449181833258,24.68346642238547,23.76301798196929,25.426511764526367
2021-02-17,24.8787768656574,25.282372401694914,24.61932403258733,25.17667007446289,721500,0.0,0,0.009245035767886156,0.9546136689027849,25.564408588409425,26.276096613708365,24.852720563110484,25.628312094267358,25.157449181833258,24.67385638666572,23.76301798196929,25.830108642578125
2021-02-18,25.128619534662608,25.40729344584028,25.05174428896712,25.27276039123535,933100,0.0,0,0.0038166412193614274,0.958257086780085,25.565369415283204,26.275408230783352,24.855330599783056,25.628312094267358,25.234325301962812,24.630613535780554,23.76301798196929,26.21448516845703
2021-02-19,25.445733542273768,25.62831296244364,25.032528354292285,25.10940361022949,790700,0.0,0,-0.006463749051429879,0.9520631534443843,25.564888954162598,26.276160557297185,24.85361735102801,25.50819276325144,25.412099053738203,24.621491416293555,23.76301798196929,25.993467330932617
2021-02-22,25.13823031875785,25.70518596900125,25.09979361057806,25.55143547058105,1106000,0.0,0,0.01760423573626735,0.9688234976334333,25.58122501373291,26.275103685000232,24.88734634246559,25.50819276325144,25.532217333353895,24.621491416293555,23.76301798196929,25.813867568969727
2021-02-23,25.676356390387294,25.906982131974107,25.493778823829285,25.522605895996094,900000,0.0,0,-0.0011282956927468613,0.9677303782540216,25.57882261276245,26.273168665503178,24.884476560021724,25.50819276325144,25.628312094267358,24.662331501679812,23.76777072014401,25.56145668029785
2021-02-24,25.56104551899475,25.64753040486032,25.205496340119566,25.541826248168945,1067800,0.0,0,0.0007530716985237884,0.9684591486136864,25.577381229400636,26.27191077593822,24.882851682863052,25.26315482375361,25.628312094267358,24.662331501679812,23.99118687559489,26.44489479064941
2021-02-25,25.55143759590664,26.09917402119468,25.32081182909329,25.416906356811523,636700,0.0,0,-0.004890797163197291,0.9637226113569741,25.57593994140625,26.27168807605591,24.880191806756592,25.359249026891007,25.628312094267358,24.66473417744309,24.162315920602918,26.085695266723636
2021-02-26,25.38807542209473,25.589872264629427,24.984479904174805,24.984479904174805,818800,0.0,0,-0.017013339332732413,0.947326471547331,25.548072624206544,26.290649719161063,24.805495529252024,25.359249026891007,25.628312094267358,24.715182873734445,24.162315920602918,26.241025924682617
2021-03-01,25.378465786804902,25.599481899919247,24.955650998305337,24.984479904174805,789100,0.0,0,0.0,0.947326471547331,25.5350998878479,26.307278949487266,24.762920826208532,25.359249026891007,25.628312094267358,24.715182873734445,24.162315920602918,26.250734329223636
2021-03-02,24.907604448669893,25.11901092474565,24.46557039324721,24.85955810546875,890700,0.0,0,-0.004999975952478475,0.942589861970448,25.494259929656984,26.3175168526883,24.671003006625668,25.282372207220945,25.551435274597296,24.715182873734445,24.162315920602918,26.376937866210938
2021-03-03,24.878775724556306,25.17666891969849,24.76346376689202,24.897994995117188,576400,0.0,0,0.0015461614194978157,0.9440472580494365,25.44621286392212,26.290850445589253,24.601575282254988,25.282372207220945,25.551435274597296,24.792058415617717,24.827813038349674,26.260440826416016
2021-03-04,24.99408684103493,25.618698404634436,24.878773062857174,25.090181350708008,955700,0.0,0,0.0077189490811815364,0.9513343107645491,25.41738443374634,26.269351187831116,24.56541767966156,25.282372207220945,25.551435274597296,24.919615026965857,24.827813038349674,26.415769577026367
2021-03-05,25.330419492139946,25.4649507207563,24.648150048048727,25.15744972229004,648800,0.0,0,0.0026810635858609544,0.9538848985431201,25.35444269180298,26.076760773677307,24.632124609928653,25.282372207220945,25.551435274597296,24.979674166773705,24.827813038349674,26.31868934631348
2021-03-08,25.272763501173785,26.48355014450885,25.119012990863045,26.243314743041992,873200,0.0,0,0.04316276223300375,0.9950572056165897,25.371259212493896,26.15778291630649,24.5847355086813,25.47456026887803,25.551435274597296,25.042135683207402,24.827813038349674,26.376937866210938
2021-03-09,26.37784540444514,26.53159590070996,25.95503062329166,25.993467330932617,811400,0.0,0,-0.009520421278932267,0.9855838418224827,25.372220039367676,26.161761787374854,24.582678291360498,25.498583146978582,25.551435274597296,25.10459789549526,25.279402390579783,26.503143310546875
2021-03-10,25.97425072434889,26.079953048380386,25.29198127160656,25.71479606628418,1155200,0.0,0,-0.010720819238948298,0.9750175756094757,25.359247303009035,26.116309053355593,24.602185552662476,25.498583146978582,25.551435274597296,25.10459789549526,25.2961108073024,26.83321952819824
2021-03-11,25.71479435920873,26.079951317064012,25.464949353160208,25.580263137817383,826800,0.0,0,-0.005231732272735767,0.969916544692675,25.3501184463501,26.09156834861897,24.608668544081226,25.498583146978582,25.551435274597296,25.10459789549526,25.2961108073024,26.978843688964844
2021-03-12,25.628312064138974,25.983861255917777,25.493780829177027,25.95503234863281,901800,0.0,0,0.014650717578482464,0.9841265180636649,25.362610626220704,26.13566380916093,24.589557443280476,25.498583146978582,25.551435274597296,25.10699963997576,25.2961108073024,27.163293838500977
2021-03-15,26.598861185972357,27.26191133847591,25.906982128455432,27.08894157409668,2460100,0.0,0,0.04368745182949474,1.0271204979156996,25.45438051223755,26.533138712484995,24.375622311990103,25.95503069326232,25.86374086586156,25.34723625731373,25.2961108073024,27.357460021972656
2021-03-16,27.04089502720444,27.19464553083207,26.733394019949188,26.964019775390625,1024600,0.0,0,-0.004611542254774115,1.0223838883388168,25.555279350280763,26.792653969282977,24.31790473127855,25.95503069326232,25.86374086586156,25.452939236701923,25.2961108073024,26.969135284423828
2021-03-17,27.012068367360616,27.03128580597071,26.72378479400192,26.95441055297852,581600,0.0,0,-0.0003563720280637117,1.0220195393190699,25.64416637420654,27.010169002615818,24.278163745797265,25.95503069326232,25.86374086586156,25.452939236701923,25.2961108073024,27.134172439575195
2021-03-18,26.848708025589957,27.21386501636937,26.71417495921809,26.82948875427246,629500,0.0,0,-0.004634558728729199,1.0172829297421868,25.7220027923584,27.17032850281741,24.27367708189939,26.190462164669476,25.86374086586156,25.452939236701923,25.2961108073024,27.43512344360352
2021-03-19,26.867926401897545,27.031286548097235,26.128002758852503,26.15682983398437,1178500,0.0,0,-0.02507162646477834,0.9917779921186953,25.774374103546144,27.205774786617308,24.34297342047498,26.276946305041236,25.86374086586156,25.452939236701923,25.157449181833258,27.25066947937012
2021-03-22,25.94541966330636,26.099170151720145,25.455339294168528,25.762840270996094,532600,0.0,0,-0.015062588451616787,0.9768392483880406,25.784944343566895,27.212681662856657,24.357207024277134,26.276946305041236,25.86374086586156,25.452939236701923,25.157449181833258,27.308917999267575
2021-03-23,25.580262695330063,25.8589347680846,25.30158878972513,25.503387451171875,649200,0.0,0,-0.010070815837658675,0.9670016802145277,25.783983421325683,27.212459381805512,24.355507460845853,26.28175006410052,25.86374086586156,25.522607146074687,25.157449181833258,27.31862449645996
2021-03-24,25.657139342462425,26.022296313968592,25.41690396222532,25.426511764526367,575900,0.0,0,-0.0030143323820293055,0.9640868157363803,25.778217697143553,27.21153193712499,24.344903457162115,26.28175006410052,25.86374086586156,25.404892355922122,25.157449181833258,27.221546173095703
2021-03-25,25.320810782567268,26.118392213817863,25.01330977285869,25.830108642578125,1524700,0.0,0,0.01587307302666785,0.9793898361666116,25.798877811431886,27.22253966875459,24.375215954109184,26.1376105556673,25.86374086586156,25.392880638050308,25.157449181833258,27.473953247070312
2021-03-26,25.91659197938842,26.214485168457028,25.62831025825481,26.21448516845703,1364000,0.0,0,0.014880948864663512,0.9939640862371781,25.860378074645997,27.2432524241716,24.477503725120393,26.11358739461403,25.86374086586156,25.431318698115085,25.157449181833258,27.70694923400879
2021-03-29,26.166437097443158,26.60847114884236,25.839716834667804,25.993467330932617,965500,0.0,0,-0.008431134012517494,0.985583841822483,25.910827445983887,27.233896420624415,24.58775847134336,26.11358739461403,25.86374086586156,25.460145908494823,25.157449181833258,26.474021911621094
2021-03-30,25.94007219856164,26.143943494579645,25.765327754128663,25.813867568969727,846900,0.275,0,-0.006909419188919186,0.978774029913506,25.958542919158937,27.191325298649513,24.72576053966836,26.11358739461403,25.86374086586156,25.520205048302667,25.157449181833258,26.99825859069824
2021-03-31,25.784742793188,26.027445572853445,25.50320853164721,25.56145668029785,1185700,0.0,0,-0.009778112016631368,0.9692034678100421,25.99171600341797,27.140527608217408,24.842904398618533,26.022298160477963,25.86374086586156,25.5682524287594,25.157449181833258,27.20212745666504
2021-04-01,25.59058181642514,26.464311457527877,25.59058181642514,26.44489479064941,709600,0.0,0,0.03456133667970862,1.002700435172166,26.05945167541504,27.14499582050357,24.97390753032651,25.810890460850523,25.86374086586156,25.445733459010484,25.157449181833258,26.930299758911133
2021-04-05,26.619640635044703,26.75555359752456,25.833284156635877,26.085695266723636,456700,0.0,0,-0.013582943958347027,0.9890808113542123,26.105863952636717,27.108526279823927,25.103201625449508,25.884431685191625,25.86374086586156,25.493780560579182,25.157449181833258,26.289566040039062
2021-04-06,26.008031472006145,26.376938892491733,26.008031472006145,26.241025924682617,1155700,0.0,0,0.005954629783516907,0.9949704214118071,26.10574951171875,27.108348898829345,25.103150124608153,25.884431685191625,25.86374086586156,25.493780560579182,25.157449181833258,25.94978141784668
2021-04-07,26.270149144909283,26.43518711412686,26.08569636000605,26.250734329223636,660400,0.0,0,0.00036997046414599666,0.9953385310804284,26.118612861633302,27.12172676585726,25.115498957409343,25.884431685191625,25.86374086586156,25.493780560579182,25.157449181833258,26.32839775085449
2021-04-08,26.279856385120848,26.532267495284977,26.046861941509786,26.376937866210938,468700,0.0,0,0.004807619299503019,1.0001237398119895,26.151719951629637,27.142844073859173,25.1605958294001,26.129381064585885,25.95503069326232,25.41690374090912,25.157449181833258,26.376937866210938
2021-04-09,26.37693897897387,26.512851947228604,26.153652859219576,26.260440826416016,478000,0.0,0,-0.004416624870779873,0.9957065684288785,26.18572883605957,27.14176874559911,25.229688926520033,26.129381064585885,25.95503069326232,25.41690374090912,25.157449181833258,26.250734329223636
2021-04-12,26.221608464835413,26.43518624374804,26.085695501134214,26.415769577026367,406500,0.0,0,0.005914933097928232,1.001596106166303,26.208765697479247,27.16365060933746,25.253880785621035,26.129381064585885,25.95503069326232,25.41690374090912,25.157449181833258,26.29927444458008
2021-04-13,26.38664582661366,26.396354159753,26.12452638687705,26.31868934631348,616800,0.0,0,-0.0036750862180944255,0.9979151541204342,26.17025308609009,27.037208873356317,25.30329729882386,26.129381064585885,26.1376105556673,25.41690374090912,25.157449181833258,26.29927444458008
2021-04-14,26.289564718397383,26.69730545763555,26.289564718397383,26.376937866210938,798500,0.0,0,0.0022131998721894863,1.0001237398119895,26.140898990631104,26.934229048788673,25.347568932473536,26.173067706974848,26.1376105556673,25.512997771737663,25.157449181833258,26.677888870239254
2021-04-15,26.52255997769709,26.63905812892309,26.241025710720155,26.503143310546875,582500,0.0,0,0.004784688995215225,1.0049090208637215,26.11833562850952,26.839470950297898,25.397200306721142,26.29441887708022,26.1376105556673,25.52500921078794,25.157449181833258,26.541976928710938
2021-04-16,26.639058409675687,26.949717680652032,26.571101925609028,26.83321952819824,381000,0.0,0,0.012454229061954702,1.0174243879959828,26.11852216720581,26.840402839101262,25.39664149531036,26.47887457632909,26.1376105556673,25.52500921078794,25.157449181833258,26.862342834472656
2021-04-19,26.901177016645683,26.998258505369247,26.648767738309957,26.978843688964844,528200,0.0,0,0.0054270103747176,1.0229459607051277,26.159622859954833,26.974260893708983,25.344984826200683,26.522560223439516,26.1376105556673,25.52500921078794,25.157449181833258,26.49343681335449
2021-04-20,26.891467918526185,27.260375317781342,26.891467918526185,27.163293838500977,685000,0.0,0,0.006836844145828858,1.0299396828080738,26.22964553833008,27.13278029791979,25.326510778740367,26.653618629645564,26.1376105556673,25.52500921078794,25.157449181833258,26.48372840881348
2021-04-21,27.279795199728238,27.541914669181445,27.027384064515005,27.357460021972656,606300,0.0,0,0.007148108937969466,1.0373018038603237,26.32234916687012,27.287457064107468,25.35724126963277,26.81380508515783,26.277612221020068,25.909385779561937,25.46975477309752,26.7846794128418
2021-04-22,27.3768760546566,27.454540875097347,26.959426950409316,26.969135284423828,629300,0.0,0,-0.014194473362546756,1.0225778510365067,26.39948034286499,27.310356961255962,25.488603724474018,26.81380508515783,26.277612221020068,25.909385779561937,25.46975477309752,26.79438781738281
2021-04-23,27.007965952874663,27.27979374204284,26.930301134780237,27.134172439575195,633800,0.0,0,0.006119482638610396,1.028835498442552,26.464683532714844,27.389936965471247,25.53943009995844,26.833220528029248,26.277612221020068,25.909385779561937,25.46975477309752,27.095338821411133
2021-04-26,27.34775029157968,27.852572536234028,27.318625290346617,27.43512344360352,767600,0.0,0,0.011091217345895021,1.0402465365689506,26.52571544647217,27.53506523268377,25.51636566026057,27.046799123477093,26.43294115454636,26.027101515265517,25.46975477309752,27.40599632263184
2021-04-27,27.454540789689972,27.590453762119637,27.211837995108237,27.25066947937012,585000,0.0,0,-0.006723278085938533,1.0332526698256632,26.588575553894042,27.61414509915961,25.563006008628474,27.046799123477093,26.43294115454636,26.070343585451397,25.46975477309752,27.21183586120605
2021-04-28,27.27008651448289,27.61957913592203,27.27008651448289,27.308917999267575,750700,0.0,0,0.0021375078488090615,1.0354612555172185,26.663328075408934,27.669689162681344,25.656966988136524,27.211837230921528,26.43294115454636,26.070343585451397,25.46975477309752,27.23125267028809
2021-04-29,27.415705979406944,28.085566174898315,27.23125134697521,27.31862449645996,811000,0.0,0,0.0003554332395243609,1.035829292865669,26.751186466217042,27.658318598466625,25.84405433396746,27.367166956604137,26.549437973878504,26.07274546498104,25.46975477309752,28.14381599426269
2021-04-30,27.182712837380983,27.804031395413578,26.88176189229337,27.221546173095703,1237300,0.0,0,-0.003553558246566779,1.0321484131399707,26.790019035339355,27.707926722387267,25.872111348291444,27.483664033595844,26.549437973878504,26.07274546498104,25.46975477309752,28.92046356201172
2021-05-03,27.41570509984098,27.70694953933806,27.056506031639035,27.473953247070312,831700,0.0,0,0.009272326868195124,1.0417188306030936,26.85943193435669,27.763504811555826,25.95535905715755,27.483664033595844,26.79438735327276,26.00067571076443,25.46975477309752,28.910757064819336
2021-05-04,27.47395294430865,27.842862193271205,27.37687331722132,27.70694923400879,710000,0.0,0,0.008480613796026049,1.0505532456894864,26.932728099823,27.861991504990478,26.00346469465552,27.483664033595844,26.79438735327276,25.988664130237794,25.546630893227075,29.29907989501953
2021-05-05,27.473956264181226,27.51278960104882,26.37694042112752,26.474021911621094,927400,0.0,0,-0.044498847995662505,1.0038048364982,26.94389247894287,27.84474093981756,26.043044018068183,27.231253298012916,26.79438735327276,25.988664130237794,25.724404645002465,29.269954681396484
2021-05-06,26.503144663151083,27.0176752588394,26.474021512614737,26.99825859069824,800000,0.0,0,0.01980192812513404,1.0236821077221991,26.974958515167238,27.837067333395318,26.112849696939158,27.231253298012916,26.79438735327276,25.988664130237794,25.84452292461816,29.01754379272461
2021-05-07,26.9011746825666,27.270083937372675,26.72643024003634,27.20212745666504,684600,0.0,0,0.007551185765627189,1.0314121214825582,27.02204284667969,27.82296483061769,26.22112086274169,27.231253298012916,26.838073995661727,25.94301951316976,25.86374086586156,28.76513290405273
2021-05-10,27.386580310445133,27.59045160482431,26.91088309246069,26.930299758911133,698800,0.0,0,-0.009992883762012683,1.0211053400418522,27.047769355773926,27.800220803953533,26.29531790759432,27.231253298012916,26.959425165767094,25.83731566335604,25.86374086586156,28.444766998291016
2021-05-11,26.7749716182168,26.80409661951058,26.085696586008574,26.289566040039062,671100,0.0,0,-0.023792298066049322,0.9968108974347417,27.046313190460204,27.8045561364209,26.288070244499508,27.085631380453442,27.046798823452228,25.874086275526594,25.86374086586156,28.21177101135254
2021-05-12,26.250734205497235,26.415770322261643,25.891533267713637,25.94978141784668,912000,0.0,0,-0.01292469497879467,0.9839274206338591,27.024955368041994,27.87677873317616,26.173132002907828,26.86719773049242,26.988549721305976,25.874086275526594,25.86374086586156,27.71665573120117
2021-05-13,25.92065701627239,26.668180153276897,25.862407017278365,26.32839775085449,891800,0.0,0,0.014590347676201265,0.998283263789055,27.01621809005737,27.892768961229766,26.139667218884977,26.852634605274787,26.973986596088338,25.874086275526594,25.86374086586156,28.347686767578125
2021-05-14,26.40606286604053,26.522559162008445,26.25073323696649,26.376937866210938,751000,0.0,0,0.0018436410683164706,1.0001237398119895,26.99340400695801,27.911062072348567,26.07574594156745,26.852634605274787,26.973986596088338,26.0422058789241,25.86374086586156,27.71665573120117
2021-05-17,26.270149144909283,26.50314359821493,26.15365284409412,26.250734329223636,781300,0.0,0,-0.0047846166839923265,0.9953385310804282,26.956998538970947,27.93076096555046,25.983236112391435,26.726429311051337,26.973986596088338,26.0422058789241,25.86374086586156,27.38658142089844
2021-05-18,26.19248462455748,26.483729083253117,26.0954031383256,26.29927444458008,602500,0.0,0,0.001849095524250055,0.9971790071033627,26.9137975692749,27.923514796568735,25.904080341981068,26.726429311051337,26.973986596088338,26.0422058789241,25.86374086586156,27.347749710083008
2021-05-19,26.04686332104733,26.3089827783708,25.74591238023631,26.29927444458008,1473500,0.0,0,0.0,0.9971790071033627,26.860888290405274,27.883025781002495,25.838750799808054,26.668181992530307,26.91573927756731,26.133495810126593,25.86374086586156,26.83321952819824
2021-05-20,26.26043979648593,26.794387018228072,26.15365183347769,26.677888870239254,680600,0.0,0,0.014396382929005025,1.0115347779383876,26.846325969696046,27.870195815900807,25.822456123491285,26.668181992530307,26.91573927756731,26.155339131321075,25.86374086586156,27.056509017944336
2021-05-21,26.697306564223304,26.823511198698856,26.522560261353064,26.541976928710938,2295800,0.0,0,-0.005094553852795114,1.0063814595382055,26.816716194152832,27.839819347156773,25.79361304114889,26.284711789467583,26.91573927756731,26.21601471637376,25.86374086586156,26.69862937927246
2021-05-24,26.45460210412193,27.07592060687534,26.45460210412193,26.862342834472656,875800,0.0,0,0.012070159906407474,1.0185286446816753,26.78807716369629,27.771195399416374,25.804958927976205,26.410916493555824,26.91573927756731,26.308242565998196,25.86374086586156,27.443798065185547
2021-05-25,26.959425714638908,27.03709053151964,26.45460347907648,26.49343681335449,988100,0.0,0,-0.013733203518076942,1.0045409835152708,26.750215530395508,27.717174931096427,25.78325612969459,26.410916493555824,26.91573927756731,26.33008538955341,25.86374086586156,27.433992385864254
2021-05-26,26.48372840881348,26.7167228588313,26.31869044192477,26.48372840881348,1066600,0.0,0,-0.0003664456449876674,1.00417287384665,26.708956050872803,27.646704413803644,25.771207687941963,26.410916493555824,26.91573927756731,26.395614592656433,25.86374086586156,27.737945556640625
2021-05-27,26.67788959525613,26.94000904659807,26.483728478898435,26.7846794128418,1031600,0.0,0,0.011363619177130913,1.0155839119730485,26.682258796691894,27.57808033446459,25.786437258919197,26.410916493555824,26.91573927756731,26.54570865308895,26.00374253121433,28.13014030456543
2021-05-28,26.86234430087177,26.901175783576043,26.68759799951428,26.79438781738281,590600,0.0,0,0.0003624611066412875,1.0159520216416693,26.66090087890625,27.52368172014354,25.798120037668962,26.410916493555824,26.91573927756731,26.54570865308895,26.00374253121433,28.287015914916992
2021-06-01,26.784679552281315,27.32833327325849,26.71672306861858,27.095338821411133,1083300,0.0,0,0.01123186713872526,1.0273630597680679,26.64197015762329,27.446609148283603,25.83733116696298,26.5371228267474,26.91573927756731,26.555416374524658,26.00374253121433,28.01247978210449
2021-06-02,27.25066669808695,27.425412988618746,27.02738059426307,27.40599632263184,1102000,0.0,0,0.011465348459684943,1.0391421352429169,26.626922512054442,27.358519524973953,25.89532549913493,26.789532411048217,26.91573927756731,26.739870139011728,26.15907146474062,28.75765037536621
2021-06-03,27.493370117972283,27.62928307974389,27.027381233319417,27.21183586120605,1050200,0.0,0,-0.007084597806263693,1.0317802311511788,26.663813209533693,27.434642497563967,25.89298392150342,26.97398676083433,26.91573927756731,26.739870139011728,26.15907146474062,29.13023376464844
2021-06-04,27.250669338156097,27.3574591597548,26.9788433947054,27.23125267028809,930300,0.0,0,0.0007135427826727714,1.0325164504884212,26.675462913513183,27.47303161536585,25.877894211660514,26.97398676083433,26.91573927756731,26.822389192733944,26.15907146474062,28.5223331451416
2021-06-07,27.386582604346632,28.211772480856048,27.30891778371489,28.14381599426269,1526700,0.0,0,0.03351161751623333,1.0671177468564081,26.722547340393067,27.72604191436647,25.719052766419665,27.265231461390407,26.97884243054618,26.95830246524132,26.27556828407276,28.74784469604492
2021-06-08,28.279726532377293,29.007834857483225,28.202061718433,28.92046356201172,1756500,0.0,0,0.027595673874052817,1.0965655801838716,26.822055530548095,28.213090274858207,25.431020786237983,27.663262649703995,27.37687361885977,27.016551003737174,26.27556828407276,28.90472221374512
2021-06-09,29.114626519991845,29.289372825382767,28.8816320633624,28.910757064819336,1164200,0.0,0,-0.00033562730319203204,1.0961975428354214,26.95311508178711,28.59332117722241,25.31290898635181,27.8865506521406,27.517642602809538,27.139025693434302,26.27556828407276,29.13023376464844
2021-06-10,28.93017063251725,29.396161377345145,28.736009519541284,29.29907989501953,725600,0.0,0,0.013431776598916256,1.1109214233390676,27.120580005645753,28.98768746247596,25.253472548815544,28.041879688429713,27.57103687879073,27.139025693434302,26.27556828407276,28.2477970123291
2021-06-11,29.357327829684927,29.396161163002123,29.163166718124693,29.269954681396484,1086500,0.0,0,-0.000994065811192879,1.1098170943332046,27.267657852172853,29.31846455547288,25.216851148872827,28.056442222981865,27.57103687879073,27.01282032564284,26.27556828407276,29.061599731445312
2021-06-14,29.34761972175487,29.425284537310507,28.8719224950172,29.01754379272461,1047900,0.0,0,-0.008623549008509479,1.1002465322297406,27.399688148498534,29.543056488720634,25.256319808276434,28.202063966007955,27.585598458773408,27.01282032564284,26.27556828407276,29.38515853881836
2021-06-15,28.9204643880532,29.22141531922384,28.755426422248277,28.76513290405273,1063900,0.0,0,-0.00869856147973369,1.0906759701262763,27.52540807723999,29.67951449375664,25.371301660723343,28.202063966007955,27.585598458773408,27.034663646837323,26.27556828407276,29.09101676940918
2021-06-16,28.78455128359662,28.95929759327809,28.415643847794364,28.444766998291016,877400,0.0,0,-0.011137299689534141,1.0785287849828065,27.632682704925536,29.74468684844765,25.52067856140342,28.202063966007955,27.585598458773408,27.095339231890005,26.27556828407276,29.267501831054688
2021-06-17,28.357392310992477,28.454473794644198,27.99819322865899,28.21177101135254,1204800,0.0,0,-0.008191172279684134,1.0696943698964139,27.72830753326416,29.761014885811516,25.695600180716806,28.367101160512696,27.585598458773408,27.066215101952835,26.27556828407276,29.149843215942383
2021-06-18,28.12439646089641,28.18264645919229,27.63899091848185,27.71665573120117,1532000,0.0,0,-0.017549953881028424,1.050921283037936,27.780245876312257,29.754562579784718,25.805929172839797,28.532137727896178,27.585598458773408,26.927873725899197,26.27556828407276,28.992965698242188
2021-06-21,27.86228118492559,28.503016405892907,27.72636636264364,28.347686767578125,967500,0.0,0,0.022767214143609493,1.0748478329369375,27.870531368255616,29.77317355675049,25.967889179760743,28.532137727896178,27.585598458773408,26.913310600681562,26.27556828407276,28.93413734436035
2021-06-22,28.31855941853231,28.31855941853231,27.571034438811843,27.71665573120117,994200,0.0,0,-0.02226040669740581,1.050921283037936,27.91324701309204,29.76039128878901,26.06610273739507,28.498159488061177,27.585598458773408,26.913310600681562,26.36685811147352,29.19886779785156
2021-06-23,27.84286384260871,27.901111992646616,27.367166605336006,27.38658142089844,958500,0.0,0,-0.011908879393813576,1.0384059882258454,27.957904243469237,29.70500880163911,26.210799685299364,28.396225571323257,27.585598458773408,26.850207953569836,26.36685811147352,28.865503311157227
2021-06-24,27.39628952609733,27.658408976595403,27.134171927274554,27.347749710083008,835400,0.0,0,-0.0014179101151267082,1.036933621871532,28.001105308532715,29.63839058608169,26.36382003098374,28.27972823229253,27.585598458773408,26.850207953569836,26.36685811147352,28.365455627441406
2021-06-25,27.308916768340183,27.726365858092883,26.43518710580039,26.83321952819824,13551500,0.0,0,-0.01881435172324486,1.0174243879959828,28.003532314300536,29.633648540137003,26.37341608846407,27.828301212512116,27.7894681853941,26.79196063504881,26.549437973878504,27.953651428222656
2021-06-28,26.76526454630176,27.25067014736396,26.406065438453965,27.056509017944336,2582900,0.0,0,0.008321382736478977,1.0258907657339253,28.016638374328615,29.611101109518764,26.422175639138466,27.68268151586603,27.871987489617638,26.79196063504881,26.549437973878504,27.61048126220703
2021-06-29,27.012384553610243,27.149653844979287,26.659410917544413,26.69862937927246,960100,0.275,0,-0.0132271180452187,1.012321187474063,27.99680290222168,29.646147135493692,26.34745866894967,27.454540922173436,27.871987489617638,26.600225533517445,26.549437973878504,27.93404197692871
2021-06-30,26.610384738456748,27.46340823055053,26.522140864442623,27.443798065185547,2489000,0.0,0,0.027910372301418462,1.040575448705078,27.998692989349365,29.645380474007688,26.352005504691043,27.454540922173436,27.871987489617638,26.663327885561568,26.549437973878504,28.12033462524414
2021-07-01,27.384968843646277,27.630090294992726,27.05160352020484,27.433992385864254,1472700,0.0,0,-0.0003573003743141401,1.0402036507077537,28.009800815582274,29.637797085446074,26.381804545718474,27.454540922173436,27.871987489617638,26.663327885561568,26.549437973878504,28.01247978210449
2021-07-02,27.630091514845446,27.76735893521869,27.42418851415723,27.737945556640625,977300,0.0,0,0.01107943628842678,1.0517285207827591,28.0351354598999,29.62892486804134,26.44134605175846,27.362312428493137,27.915674987882234,26.663327885561568,26.549437973878504,27.56145668029785
2021-07-06,27.72814124503729,28.16935876713656,27.277116769634745,28.13014030456543,1395000,0.0,0,0.014139286095430137,1.0665992112328302,28.03445167541504,29.628063792686543,26.440839558143534,27.28771210279526,27.915674987882234,26.663327885561568,26.549437973878504,27.875213623046875
2021-07-07,28.149746630206383,28.306626079893974,27.865406718553203,28.287015914916992,1376900,0.0,0,0.005576780231206335,1.0725474006286537,28.002779293060303,29.54865066868606,26.456907917434545,27.35634575917397,27.915674987882234,26.663327885561568,26.549437973878504,27.737945556640625
2021-07-08,28.11052873884393,28.2674063215757,27.8261869513124,28.01247978210449,1274200,0.0,0,-0.009705376263027032,1.062137924545621,27.95786542892456,29.446116147030367,26.469614710818753,27.35634575917397,27.915674987882234,26.726431052157356,26.549437973878504,27.74774742126465
2021-07-09,28.316430987608857,28.77726054151729,28.228188980185763,28.75765037536621,1011700,0.0,0,0.02660137906597493,1.090392258096807,27.930793952941894,29.33704732759155,26.52454057829224,27.59166298998563,27.915674987882234,26.852635844307763,26.549437973878504,27.81638526916504
2021-07-12,28.7870652125583,29.159649013454025,28.48311325195225,29.13023376464844,783500,0.0,0,0.01295597465088405,1.1045193525522294,27.923807907104493,29.304255472792313,26.543360341416673,27.840894938948324,27.915674987882234,26.94486301920082,26.549437973878504,28.11052894592285
2021-07-13,28.963552519799634,28.97335573245575,28.463504518563305,28.5223331451416,899600,0.0,0,-0.0208683742265251,1.0814698293627303,27.899047374725342,29.21575399294885,26.582340756501832,27.840894938948324,27.915674987882234,26.94486301920082,26.549437973878504,27.94384765625
2021-07-14,28.532138483242065,28.92433244748741,28.434089524648645,28.74784469604492,1286200,0.0,0,0.00790649031955959,1.0900204600994825,27.898182964324953,29.21261019120725,26.583755737442655,28.105626266829432,27.915674987882234,27.122036945968294,26.61254112685737,27.845796585083008
2021-07-15,28.78706495981247,28.99296608925877,28.326235416545984,28.90472221374512,673600,0.0,0,0.005457018408123737,1.0959687218154768,27.921180725097656,29.288666632015453,26.55369481817986,28.218382891544387,27.915674987882234,27.520068134281882,27.010572315170958,27.924236297607425
2021-07-16,29.120430551841583,29.26750305561284,28.90472246752396,29.13023376464844,784000,0.0,0,0.007801893034491192,1.1045193525522292,27.96710386276245,29.429970443683803,26.504237281841096,28.27230991262379,27.915674987882234,27.70209662747507,27.396290678514987,27.845796585083008
2021-07-19,28.718431644916592,28.855699066435086,28.051700963035305,28.2477970123291,904100,0.0,0,-0.03029281396945871,1.0710603532796976,27.993660926818848,29.456662870525154,26.53065898311254,28.54684500346262,27.915674987882234,27.80645828361022,27.449684954496178,27.679113388061523
2021-07-20,28.24779655814634,29.31652627454393,28.179162848490623,29.061599731445312,954800,0.0,0,0.028809422510400307,1.101916983531471,28.02935657501221,29.55921821491687,26.499494935107546,28.571356612928163,27.915674987882234,27.813739550886297,27.449684954496178,27.38496971130371
2021-07-21,29.07140338432314,29.71852385800159,28.855697183139736,29.38515853881836,869900,0.0,0,0.011133551159021371,1.1141852326406132,28.112781715393066,29.745027678508453,26.480535752277678,28.885112410518445,28.062294648227777,27.89383121239068,27.46424653447886,27.53204345703125
2021-07-22,29.20867590043396,29.404771958637337,28.875310544346927,29.09101676940918,455800,0.0,0,-0.010009875189906259,1.103032377523444,28.198003482818603,29.847765220652345,26.54824174498486,28.885112410518445,28.062294648227777,27.89383121239068,27.507933176867823,27.94384765625
2021-07-23,29.16945287593346,29.355745703650967,28.91452634066957,29.267501831054688,465200,0.0,0,0.006066651538666479,1.1097240905937455,28.293991088867188,29.95818952558747,26.629792652146904,28.885112410518445,28.062294648227777,27.89383121239068,27.585598458773408,27.639896392822266
2021-07-26,29.32633096419282,29.551842255789133,29.002770715776453,29.149843215942383,436300,0.0,0,-0.004020111309516072,1.1052628762267072,28.409822273254395,29.969296243617833,26.850348302890957,28.885112410518445,28.062294648227777,27.976349809643054,27.585598458773408,27.63009262084961
2021-07-27,28.992965698242188,29.316525947385745,28.85569828046259,28.992965698242188,831700,0.0,0,-0.005381761971686938,1.0993146145107129,28.506645107269286,29.953194250320124,27.060095964218448,28.885112410518445,28.062294648227777,28.058868093334794,27.585598458773408,27.845796585083008
2021-07-28,29.13023339015828,29.30672114046624,28.63999047047097,28.93413734436035,439300,0.0,0,-0.00202905609912829,1.097084043487279,28.61842050552368,29.809214789863663,27.427626221183697,28.885112410518445,28.062294648227777,28.058868093334794,27.585598458773408,27.914430618286133
2021-07-29,29.218476092554496,29.512622954637543,29.10081884382388,29.19886779785156,929400,0.0,0,0.009149415803917371,1.1071217215729872,28.706173992156984,29.79061123491332,27.621736749400647,28.885112410518445,28.062294648227777,28.04187897341729,27.585598458773408,27.75755500793457
2021-07-30,29.071404437455534,29.914622848303807,28.81647789766122,28.865503311157227,1140600,0.0,0,-0.011417034694710337,1.094481674466521,28.77774953842163,29.69054061924686,27.8649584575964,29.046892848397214,28.160344143378886,27.99091201504833,27.585598458773408,27.79677391052246
2021-08-02,29.0517945928084,29.404770093363517,28.34584546182649,28.365455627441406,1183200,0.0,0,-0.017323366176072885,1.075521567646736,28.80912504196167,29.612225589243018,28.006024494680325,29.130234155065146,28.160344143378886,27.93266334553297,27.585598458773408,28.081113815307617
2021-08-03,28.44389434656372,28.44389434656372,27.64970134248713,27.953651428222656,924300,0.0,0,-0.014517806610529482,1.0599073535221872,28.80030059814453,29.636608857023077,27.963992339265985,28.78216209539547,28.160344143378886,27.808884698953108,27.585598458773408,27.512432098388672
2021-08-04,27.786969013633787,27.943846599317936,27.522237386493657,27.61048126220703,514200,0.0,0,-0.01227639855554441,1.0468955084183966,28.766473865509035,29.729671101155226,27.803276629862843,28.718430117398732,28.218381856373213,27.777334502741834,27.585598458773408,26.38487434387207
2021-08-05,27.845798099760668,28.081114482165997,27.62028680038828,27.93404197692871,805600,0.0,0,0.01171876403199712,1.0591638298477095,28.762551975250243,29.738690448745647,27.78641350175484,28.718430117398732,28.218381856373213,27.663264205895537,27.585598458773408,26.81628799438477
2021-08-06,28.110529542277124,28.36545608903444,27.92423670616056,28.12033462524414,611700,0.0,0,0.006669018700168561,1.066227413235506,28.73068618774414,29.746622672602413,27.714749702885868,28.718430117398732,28.48311318425432,27.663264205895537,27.585598458773408,26.845703125
2021-08-09,28.15955228214949,28.15955228214949,27.875212364746268,28.01247978210449,316300,0.0,0,-0.0038354750957632078,1.0621379245456213,28.674798488616943,29.71955334719258,27.630043630041307,28.718430117398732,28.595869808969276,27.663264205895537,27.585598458773408,26.90453338623047
2021-08-10,27.924235382235807,27.924235382235807,27.483017890408973,27.56145668029785,377300,0.0,0,-0.016100791694092287,1.0450366630721166,28.626754665374754,29.779186305934573,27.474323024814936,28.69882036935639,28.595869808969276,27.638993708187684,27.585598458773408,26.943750381469727
2021-08-11,27.63009215519754,27.914432085436008,27.46340948225486,27.875213623046875,502300,0.0,0,0.011383902759149578,1.0569332588242757,28.583123111724852,29.77963272042221,27.386613503027494,28.689016165279334,28.689016165279334,27.601693545338748,27.585598458773408,26.56136131286621
2021-08-12,28.002675314484986,28.051700728995677,27.541847638854545,27.737945556640625,756300,0.0,0,-0.0049243771998489505,1.0517285207827594,28.524784278869628,29.766311525072798,27.28325703266646,28.43408978780919,28.689016165279334,27.6360103735281,27.585598458773408,26.88492202758789
2021-08-13,27.659503549561155,27.786967750967644,27.59086984270916,27.74774742126465,655800,0.0,0,0.00035337385041755986,1.0521001741397422,28.45565996170044,29.70866866279862,27.202651260602263,27.953651914409292,28.689016165279334,27.6360103735281,27.585598458773408,26.79667854309082
2021-08-16,27.61048226167096,28.02228640653072,27.600677178444727,27.81638526916504,850500,0.0,0,0.0024736367553854777,1.0547026878008416,28.434089374542236,29.715511424816327,27.152667324268144,27.91443278564465,28.689016165279334,27.75366898893393,27.585598458773408,27.48301887512207
2021-08-17,27.581065697706546,28.14974740683055,27.492823693132145,28.11052894592285,643600,0.0,0,0.010574475220684887,1.0658556152381813,28.386535835266113,29.641306564853917,27.13176510567831,27.91443278564465,28.689016165279334,27.87828496341528,27.585598458773408,27.45360374450684
2021-08-18,28.11053033110996,28.18896912691886,27.81638531435869,27.94384765625,812300,0.0,0,-0.005929496737450246,1.0595356278450334,28.314470291137695,29.494063072430404,27.134877509844987,27.91443278564465,28.689016165279334,27.87828496341528,27.585598458773408,27.179067611694336
2021-08-19,27.6497005454761,27.98306586994893,27.473212800740104,27.845796585083008,450700,0.0,0,-0.003508860782994616,1.0558178648323024,28.252209281921388,29.39161719588632,27.112801367956457,27.826189304586862,28.689016165279334,28.010650627355833,27.585598458773408,27.10062789916992
2021-08-20,27.8654076707944,28.100724048174825,27.52223725248315,27.924236297607425,623700,0.0,0,0.0028169318943613852,1.0587920318503852,28.185046005249024,29.230673695900226,27.139418314597823,27.826189304586862,28.689016165279334,28.06702893971331,27.585598458773408,27.19867706298828
2021-08-23,27.96345570494976,28.051699577317763,27.74774763021542,27.845796585083008,526100,0.0,0,-0.002809019078926056,1.0558178648323027,28.119843673706054,29.074417390370666,27.165269957041442,27.826189304586862,28.689016165279334,28.093992450253012,27.585598458773408,27.322465896606445
2021-08-24,27.953650082360813,27.953650082360813,27.296724528607125,27.679113388061523,574800,0.0,0,-0.005985937465002422,1.049497805118984,28.05415105819702,28.936702083753918,27.171600032640125,27.742846827762992,28.605673688455468,28.231259995672428,27.585598458773408,26.718379974365234
2021-08-25,27.610481004856695,27.78696875463845,27.38496971130371,27.38496971130371,610600,0.0,0,-0.010626918306013478,1.0383448776816442,27.97669267654419,28.806514899710624,27.146870453377755,27.742846827762992,28.605673688455468,28.2435158004052,27.585598458773408,27.48091506958008
2021-08-26,27.414384328483145,27.68892104834312,27.27711690361736,27.53204345703125,677500,0.0,0,0.005370601000403097,1.0439214137204846,27.893351459503172,28.524604468569237,27.262098450437108,27.73304301526811,28.595869875960584,28.47370352937311,27.732218119118947,27.896841049194336
2021-08-27,27.76735989814788,28.090920164625636,27.72814143530763,27.94384765625,592000,0.0,0,0.014957269694181763,1.0595356278450334,27.847268676757814,28.293725128255833,27.400812225259795,27.73304301526811,28.595869875960584,28.47370352937311,27.732218119118947,27.26304817199707
2021-08-30,27.88501785317333,27.88501785317333,27.453603559319525,27.639896392822266,566000,0.0,0,-0.010877215878313473,1.0480108300901987,27.810990715026854,28.19622404931132,27.42575738074239,27.73304301526811,28.595869875960584,28.47370352937311,27.732218119118947,27.530427932739254
2021-08-31,27.63989770414424,27.894824259419245,27.40458131545848,27.63009262084961,877500,0.0,0,-0.000354696408167543,1.047639104413045,27.794812774658205,28.181914640488287,27.407710908828122,27.688920475896094,28.595869875960584,28.47370352937311,27.732218119118947,27.68887710571289
2021-09-01,27.718334252844933,28.012479247319423,27.55165159060852,27.845796585083008,1179600,0.0,0,0.007806849118943138,1.0558178648323024,27.806578540802,28.184657375336148,27.428499706267853,27.688920475896094,28.595869875960584,28.47370352937311,27.732218119118947,27.67897605895996
2021-09-02,27.875212157958277,27.963456031356312,27.37516416541216,27.914430618286133,1034200,0.0,0,0.002464789721257077,1.0584202338530606,27.805597972869872,28.182435658711572,27.428760287028172,27.6840185341215,28.595869875960584,28.47370352937311,27.732218119118947,27.68887710571289
2021-09-03,27.728141628131947,27.78697025786562,26.884923164726157,27.75755500793457,835900,0.0,0,-0.005619874984976292,1.052472044457237,27.787458992004396,28.13547350695939,27.439444477049403,27.487921664675895,28.399773006514984,28.47370352937311,27.732218119118947,27.807714462280277
2021-09-07,27.796773910522464,27.963456577962678,27.50262703673651,27.79677391052246,663900,0.0,0,0.001412909118857275,1.053959091806193,27.77667369842529,28.10897405716279,27.444373339687793,27.487921664675895,28.144846629044835,28.60361849588805,27.830267614270056,27.87703514099121
2021-09-08,27.767358646218103,28.139944312108145,27.67911477114564,28.081113815307617,427800,0.0,0,0.010229241195415018,1.064740293566379,27.80265655517578,28.144808758468688,27.46050435188287,27.51243373841715,27.66440875564494,28.645289149222016,27.830267614270056,28.05529022216797
2021-09-09,27.96345655646236,28.041895348719308,27.512432098388672,27.512432098388672,634300,0.0,0,-0.020251394608462592,1.043177817725836,27.78451747894287,28.147427457828115,27.421607500057625,27.51243373841715,27.6251896268803,28.47125311938718,28.034137340890748,28.154321670532227
2021-09-10,27.649702000975985,27.649702000975985,26.38487434387207,26.38487434387207,581600,0.0,0,-0.04098357246223383,1.0004246640420742,27.716863918304444,28.430198366865245,27.003529469743643,27.262409327990106,27.375165216453254,28.468405986885973,28.11665664511429,28.01567840576172
2021-09-13,26.610384996313822,27.051604370659906,26.4240940339262,26.81628799438477,659100,0.0,0,0.016350794204668784,1.0167824018411011,27.67029094696045,28.485070171245503,26.855511722675395,27.262409327990106,27.375165216453254,28.468405986885973,28.11665664511429,27.659168243408203
2021-09-14,26.95355717246463,27.02219088625905,26.600581649946527,26.845703125,406600,0.0,0,0.0010969128397408934,1.0178977235129032,27.621756839752198,28.509169986544496,26.7343436929599,27.262409327990106,27.286921735395467,28.600771650826527,28.11665664511429,28.18402862548828
2021-09-15,26.816289506385736,27.05160589592888,26.777069173064334,26.90453338623047,413000,0.0,0,0.002191421880683775,1.0201283668565075,27.561457061767577,28.471679070824308,26.651235052710845,27.262409327990106,27.286921735395467,28.657149963184004,28.11665664511429,27.79781150817871
2021-09-16,26.86531158922886,27.13984829713605,26.747654335931724,26.943750381469727,423800,0.0,0,0.0014576352124853198,1.0216153418852927,27.511452198028564,28.442030367190128,26.580874028867,27.262409327990106,27.286921735395467,28.647345089162833,28.160344143378886,27.67897605895996
2021-09-17,27.081019476571083,27.081019476571083,26.56136131286621,26.56136131286621,1877900,0.0,0,-0.014192124822626773,1.0071164494325462,27.447230434417726,28.451823044289032,26.44263782454642,27.262409327990106,27.286921735395467,28.689016165279334,28.160344143378886,27.29275703430176
2021-09-20,26.335850476331107,26.924140489042063,26.22799643460754,26.88492202758789,754100,0.0,0,0.012181631464986298,1.019384770861859,27.39526472091675,28.403337962367754,26.387191479465745,27.183970373357845,27.208482780763198,28.561552976544263,28.160344143378886,27.530427932739254
2021-09-21,26.973166297533503,27.139848968937336,26.649606037764705,26.79667854309082,716900,0.0,0,-0.003282266707209325,1.016038878166623,27.34280881881714,28.36089037493833,26.32472726269595,27.134945891663424,27.208482780763198,28.321334039844313,28.160344143378886,26.97585868835449
2021-09-22,26.914337160519853,27.620286294813813,26.384873907203136,27.48301887512207,795100,0.0,0,0.025612888214021412,1.0420625683742044,27.333004093170167,28.341571565115665,26.32443662122467,26.938849217791763,27.208482780763198,28.30172447546199,28.160344143378886,27.26304817199707
2021-09-23,27.5026272888564,27.74774875086093,27.414383412924504,27.45360374450684,645300,0.0,0,-0.0010703020199086533,1.0409472467024024,27.336435794830322,28.34616616743336,26.326705422227285,26.987872592734234,27.208482780763198,28.30172447546199,28.160344143378886,26.857023239135746
2021-09-24,27.335945201102483,27.581066668318755,27.179067611694336,27.179067611694336,309600,0.0,0,-0.010000003473767505,1.0305377706193697,27.318787002563475,28.32654034102819,26.311033664098762,26.987872592734234,27.183970373357845,28.30172447546199,28.160344143378886,27.45120429992676
2021-09-27,27.29672581435302,27.777163649410465,27.081019603754264,27.10062789916992,445100,0.0,0,-0.002886033974567548,1.0275636036012872,27.27662601470947,28.24564925886268,26.30760277055626,27.002580042009,27.183970373357845,28.257602734933098,28.160344143378886,26.91644096374512
2021-09-28,26.98297085075399,27.24770247721993,26.79667801693036,27.19867706298828,408700,0.0,0,0.0036179664981623727,1.0312812942938476,27.254565048217774,28.209334388909394,26.299795707526155,27.002580042009,27.183970373357845,28.257602734933098,28.160344143378886,28.01567840576172
2021-09-29,27.332369155434687,27.451204483666576,27.193725420692832,27.322465896606445,415100,0.275,0,0.0045512814219415,1.035974945689363,27.239183712005616,28.17888953745524,26.29947788655599,27.002580042009,27.183970373357845,28.257602734933098,28.160344143378886,27.46110725402832
2021-09-30,27.490817153003267,27.5403315576318,26.71837997436523,26.718379974365234,594900,0.0,0,-0.02210949496751835,1.0130700628411689,27.182812881469726,28.1051126501563,26.26051311278315,27.002580042009,27.183970373357845,28.17426025810923,28.160344143378886,28.154321670532227
2021-10-01,26.93624903995865,27.80771506512365,26.83721833761288,27.48091506958008,565000,0.0,0,0.028539720445118988,1.041982799225975,27.161137104034424,28.032044465448987,26.29022974261986,27.096294486163394,27.183970373357845,28.17426025810923,28.160344143378886,28.06519317626953
2021-10-04,27.07488947376795,27.946355453350584,27.07488947376795,27.896841049194336,667800,0.0,0,0.015135084787429864,1.0577532972393036,27.168101406097414,28.060177045324256,26.27602576687057,27.16561468027686,27.183970373357845,28.16445644561435,28.160344143378886,27.97606658935547
2021-10-05,27.98596906517304,27.98596906517304,27.253144913190805,27.26304817199707,460600,0.0,0,-0.022719162936033155,1.0337220277331975,27.141415119171143,27.986891717107103,26.295938521235183,27.352174519769136,27.183970373357845,28.16445644561435,28.160344143378886,28.00577545166016
2021-10-06,27.104599147578995,27.579944225562613,26.748089394664564,27.530427932739254,522800,0.0,0,0.00980740521218837,1.043860158535942,27.113880825042724,27.864761875534427,26.36299977455102,27.352174519769136,27.183970373357845,28.16445644561435,28.160344143378886,27.926551818847656
2021-10-07,27.669072476855018,28.005775722534228,27.579945036007373,27.68887710571289,415200,0.0,0,0.005755419907047976,1.0498680120725539,27.122703075408936,27.896162343218666,26.349243807599205,27.36207784844973,27.183970373357845,28.14239517592834,28.160344143378886,27.728490829467773
2021-10-08,27.73839372393447,27.99587279062869,27.530429063243417,27.67897605895996,296900,0.0,0,-0.00035758209750180736,1.049492598066697,27.18740816116333,27.918027192976524,26.456789129350135,27.36207784844973,27.183970373357845,28.14239517592834,28.160344143378886,28.05529022216797
2021-10-11,27.63936270028797,27.81761758198326,27.579945036007373,27.68887710571289,222800,0.0,0,0.0003577100081968432,1.0498680120725539,27.231037616729736,27.97205307886066,26.49002215459881,27.36207784844973,27.183970373357845,28.13994420504104,28.160344143378886,27.253145217895508
2021-10-12,27.669072615313933,28.005775862678043,27.589848432925525,27.807714462280277,507200,0.0,0,0.004291880675177939,1.0543739203050555,27.27913818359375,28.038720746376757,26.519555620810745,27.362077918521635,27.183970373357845,27.94384733559544,28.160344143378886,27.16401672363281
2021-10-13,27.75819981287877,27.896841658627785,27.39178679201621,27.87703514099121,423800,0.0,0,0.0024928578292533476,1.0570023245872484,27.327763271331786,28.109626679721227,26.545899862942345,27.376932628671305,27.183970373357845,27.816384146860365,28.160344143378886,27.084793090820312
2021-10-14,28.04538696327903,28.28305951005301,27.926551634318788,28.05529022216797,538200,0.0,0,0.006394334271030422,1.0637611507759155,27.383340263366698,28.205545738229297,26.5611347885041,27.515574452358788,27.255527972330277,27.588421247031043,28.160344143378886,26.857023239135746
2021-10-15,28.54053933319874,28.570249110655222,28.124611893075745,28.154321670532227,437800,0.0,0,0.0035298671865460207,1.0675160863563617,27.46298828125,28.25919399872146,26.666782563778536,27.659169252659893,27.39912277263138,27.568811682648725,28.160344143378886,27.00556945800781
2021-10-18,27.98596862980511,28.21373791224542,27.84732678638117,28.01567840576172,406600,0.0,0,-0.0049244043736140775,1.0622592054718052,27.519526100158693,28.303883035044272,26.735169165273113,27.659169252659893,27.39912277263138,27.31878727222168,28.14974859608794,26.896635055541992
2021-10-19,28.07509565642387,28.07509565642387,27.55023428868756,27.659168243408203,452600,0.0,0,-0.012725380309912326,1.0487415530944713,27.56265058517456,28.273982029377212,26.851319140971906,27.981017951335716,27.39912277263138,27.31878727222168,28.14974859608794,26.96595573425293
2021-10-20,27.69878027622844,28.193931884312377,27.678975647433727,28.18402862548828,458100,0.0,0,0.018976000198601906,1.068642473014274,27.59770107269287,28.35783913056244,26.837563014823303,27.981017951335716,27.39912277263138,27.274665531692786,28.14974859608794,25.7775936126709
2021-10-21,28.174127795290094,28.23354546051954,27.639363141664507,27.79781150817871,333800,0.0,0,-0.013703403528347757,1.053998433979028,27.614911460876463,28.376823758649774,26.852999163103153,27.981017951335716,27.39912277263138,27.274665531692786,28.14974859608794,25.421083450317383
2021-10-22,27.916648607711508,28.00577604960003,27.63936302307461,27.67897605895996,297300,0.0,0,-0.00427499298582501,1.0494925980666971,27.639906883239746,28.375029908994346,26.904783857485146,27.981017951335716,27.39912277263138,27.274665531692786,28.14974859608794,25.41118049621582
2021-10-25,27.62946029032592,27.62946029032592,27.22343610903565,27.29275703430176,438200,0.0,0,-0.013953515615444001,1.0348484867112806,27.64951333999634,28.36056751389975,26.93845916609293,27.896842609845436,27.39912277263138,27.274665531692786,28.14974859608794,24.896223068237305
2021-10-26,27.33236842800613,27.629458629532536,27.20362795551884,27.530427932739254,428700,0.0,0,0.008708204090146943,1.0438601585359422,27.666100883483885,28.348931047006165,26.983270719961606,27.886938533087033,27.477561508929178,27.19622657706052,28.071309641455674,25.965749740600582
2021-10-27,27.550234463413783,27.62945864311667,26.95605217121541,26.97585868835449,370400,0.0,0,-0.02014386575245608,1.0228327796380565,27.64877052307129,28.381912370143812,26.915628675998764,27.763150640935315,27.477561508929178,27.171714336213313,28.071309641455674,26.27274513244629
2021-10-28,27.015472368400907,27.28285280075612,26.81741096998258,27.26304817199707,392200,0.0,0,0.010646166520977607,1.0337220277331978,27.67600393295288,28.300150851168233,27.05185701473753,27.52547821525106,27.644314542510227,27.07366599927748,28.071309641455674,27.411592483520508
2021-10-29,29.124816553186093,29.124816553186093,26.629252070795587,26.857023239135746,899300,0.0,0,-0.014892866355214363,1.018326943725726,27.644809341430665,28.36142884286854,26.92818983999279,27.87703431199084,27.87703431199084,27.098177686748716,28.071309641455674,27.045181274414062
2021-11-01,26.89663503123171,27.52052711126043,26.629252711219404,27.45120429992676,508200,0.0,0,0.022123861438418047,1.0408562679277218,27.622527503967284,28.33405503449907,26.910999973435498,27.87703431199084,27.87703431199084,27.08592148304604,28.071309641455674,27.64926528930664
2021-11-02,27.490816737480404,27.51062325457383,26.88673118810498,26.91644096374512,674100,0.0,0,-0.019480505494000044,1.0205798616818915,27.605197143554687,28.366598559531738,26.843795727577636,27.87703431199084,27.87703431199084,27.093275207683423,28.071309641455674,27.16401672363281
2021-11-03,26.916441250462075,28.10480395592464,26.916441250462075,28.01567840576172,689700,0.0,0,0.040838885181633255,1.0622592054718054,27.62945966720581,28.410669766857673,26.84824956755395,27.87703431199084,27.87703431199084,27.093275207683423,28.071309641455674,26.738187789916992
2021-11-04,28.045386292527088,28.144416990194472,27.28285237599772,27.46110725402832,470700,0.0,0,-0.019795028473033383,1.0412317542537493,27.618071174621583,28.40215120586797,26.833991143375197,27.87703431199084,27.87703431199084,27.093275207683423,28.071309641455674,26.876829147338867
2021-11-05,27.79781189646864,28.39199422362343,27.77800537816432,28.154321670532227,343400,0.0,0,0.025243498380868035,1.0675160863563622,27.641838455200194,28.46030638755383,26.82337052284656,27.87703431199084,27.87703431199084,27.093275207683423,28.071309641455674,26.956052780151367
2021-11-08,28.292962461681007,28.292962461681007,27.86713177834874,28.06519317626953,446800,0.0,0,-0.003165712720970326,1.0641366371019434,27.660654258728027,28.49984971013119,26.821458807324863,27.87703431199084,27.87703431199084,27.14013242976062,28.071309641455674,27.173921585083008
2021-11-09,28.05529077316941,28.154321475150223,27.88693914645809,27.97606658935547,229400,0.0,0,-0.0031756983233389713,1.0607572601676951,27.669071865081786,28.517425915017633,26.82071781514594,27.87703431199084,27.87703431199084,27.174792526817352,28.071309641455674,27.084793090820312
2021-11-10,27.95625915786067,28.18402844277788,27.91664801167456,28.00577545166016,267900,0.0,0,0.0010619385041068519,1.0618837191457782,27.675508880615233,28.532080350095136,26.81893741113533,27.87703431199084,27.87703431199084,27.26807244656349,28.071309641455674,27.243242263793945
2021-11-11,27.946356447902897,28.08500018441062,27.69878064060408,27.926551818847656,365300,0.0,0,-0.0028288319653654304,1.0588798285375576,27.66907196044922,28.51590550965073,26.82223841124771,27.510623467421418,27.87703431199084,27.26807244656349,28.071309641455674,26.510417938232425
2021-11-12,28.025581047099227,28.025581047099227,27.718587570366253,27.728490829467773,514200,0.0,0,-0.007092210691268086,1.0513700296968354,27.647780418395996,28.46533698209424,26.830223854697753,27.639362705864208,27.87703431199084,27.273024110903787,28.071309641455674,27.29275703430176
2021-11-15,27.91664837542985,28.10480462775915,27.847327452060792,28.05529022216797,469300,0.0,0,0.011785689841904423,1.0637611507759162,27.64976100921631,28.471097228245487,26.828424790187132,27.654217737042753,27.87703431199084,27.273024110903787,28.071309641455674,27.371980667114254
2021-11-16,28.015679154822077,28.193932148767352,27.18382429433009,27.253145217895508,655600,0.0,0,-0.028591577485755026,1.0333465414071705,27.629459857940674,28.468932268348766,26.78998744753258,27.78790925897676,27.87703431199084,27.273024110903787,28.071309641455674,27.500720977783203
2021-11-17,27.144210206566527,27.243240903044526,26.500513512739676,27.16401672363281,594100,0.0,0,-0.0032703929601554105,1.0299670921527515,27.5784592628479,28.40053888265942,26.756379643036382,27.446253868181554,27.812665032962883,27.27302414593974,28.071309641455674,27.8275203704834
2021-11-18,27.183823789296856,27.272951229040395,26.936247987532237,27.084793090820312,633700,0.0,0,-0.0029164918288233643,1.0269632015445311,27.54280834197998,28.385554869849006,26.700061814110956,27.396737987210344,27.812665032962883,27.280451501014575,27.81638326398553,27.916648864746094
2021-11-19,26.916440901425013,27.10459903567004,26.50051348769326,26.857023239135746,517100,0.0,0,-0.00840951049250449,1.0183269437257263,27.50171070098877,28.393188525965325,26.610232876012216,27.347222818230307,27.812665020439677,27.38555121234453,27.33594539058563,27.98596954345703
2021-11-22,26.837217833836284,27.22343548799599,26.70847735654738,27.00556945800781,413900,0.0,0,0.00553100086891245,1.0239593109363103,27.48735132217407,28.401047755550277,26.573654888797865,27.347222818230307,27.812665020439677,27.529146012645636,27.39912277263138,28.084999084472656
2021-11-23,27.084793194482213,27.154114117025063,26.876828538000183,26.896635055541992,344400,0.0,0,-0.004033775426776409,1.0198288890298366,27.455661678314208,28.404849873943082,26.506473482685333,27.347222818230307,27.812665020439677,27.529146012645636,27.39912277263138,27.96999931335449
2021-11-24,26.906538071018247,27.193725017363757,26.77779948586753,26.96595573425293,385400,0.0,0,0.002577299300369429,1.0224572933120297,27.45516653060913,28.405376223749265,26.504956837468995,27.347222818230307,27.812665020439677,27.690070361983548,27.39912277263138,28.479999542236328
2021-11-26,26.500514513201573,26.500514513201573,25.401277329618285,25.7775936126709,408000,0.0,0,-0.04406897842944013,0.9773986449080382,27.380893802642824,28.581785283489488,26.18000232179616,26.79760473919282,27.263046941402187,27.690070361983548,27.39912277263138,29.01000022888184
2021-11-29,26.01526575348184,26.035072270986465,25.41118019156507,25.421083450317383,609900,0.0,0,-0.013830234416383758,0.9638809925307041,27.309096813201904,28.772786403300703,25.845407223103106,26.79760473919282,27.263046941402187,27.690070361983548,27.39912277263138,28.46999931335449
2021-11-30,25.19331446761339,25.638949783689284,24.995253067899554,25.41118049621582,1100500,0.0,0,-0.00038955672841078925,0.9635055062046766,27.207095623016357,28.887731058857362,25.526460187175353,26.134102148469974,27.060034810542824,27.690070361983548,27.39912277263138,29.190000534057617
2021-12-01,25.837011910057043,26.21332631347281,24.86651517964216,24.896223068237305,740200,0.0,0,-0.020264994302614192,0.9439800726109014,27.106084728240965,29.067184763943715,25.144984692538216,26.069733204341276,26.99566586641413,27.647982691238408,27.39912277263138,29.18000030517578
2021-12-02,25.13389488494258,26.07468369920093,24.916028856595386,25.965749740600582,719300,0.0,0,0.042959394661264305,0.9845328851025621,27.00358829498291,28.978193956084972,25.02898263388085,26.044975333819075,26.99566586641413,27.682250021008105,27.39912277263138,28.6299991607666
2021-12-03,26.14400465596162,26.767896742933644,26.07468373270995,26.27274513244629,1136100,0.0,0,0.011823089836134448,0.9961731058497583,26.944170188903808,28.931747522550268,24.956592855257348,26.044975333819075,26.99566586641413,27.620356074932246,27.39912277263138,28.40999984741211
2021-12-06,26.71837949796061,27.57994410065057,26.371773005180664,27.411592483520508,876200,0.0,0,0.04334710154317922,1.039354322623612,26.907033729553223,28.82874186337086,24.98532559573559,26.223229640146364,26.99566586641413,27.584896378880643,27.39912277263138,28.11000061035156
2021-12-07,27.530429641073265,27.55023615943165,26.85702501657003,27.045181274414062,731400,0.0,0,-0.013367016503208484,1.025461256240421,26.85603313446045,28.70403185450961,25.00803441441129,26.223229640146364,26.629254701632796,27.87703431199084,27.676406493896817,28.1200008392334
2021-12-08,27.08479277018225,27.70868295214777,27.01547184872536,27.64926528930664,663800,0.0,0,0.022336105229365577,1.0483660667684445,26.839693069458008,28.65286682388446,25.026519315031557,26.287599065894966,26.629254701632796,27.87703431199084,27.676406493896817,27.93000030517578
2021-12-09,27.441300407147097,27.68887620391538,27.02537488187567,27.16401672363281,506900,0.0,0,-0.0175501432170605,1.029967092152752,26.797605133056642,28.537368516033734,25.05784175007955,26.287599065894966,26.629254701632796,27.87703431199084,27.676406493896817,27.549999237060547
2021-12-10,27.21353289730178,27.253145934010615,26.589642679965944,26.738187789916992,549200,0.0,0,-0.01567621379592743,1.0138211078133956,26.73818693161011,28.39816256367061,25.078211299549608,26.287599065894966,26.629254701632796,27.87703431199084,27.676406493896817,26.770000457763672
2021-12-13,26.56983567389474,27.045180772554072,26.272745459446035,26.876829147338867,639600,0.0,0,0.005185144128359909,1.0190779163777817,26.695603847503662,28.293660559211943,25.09754713579538,26.287599065894966,26.629254701632796,27.87703431199084,27.676406493896817,25.739999771118164
2021-12-14,26.87682859865881,27.253144877388568,26.619349536594623,26.956052780151367,937200,0.0,0,0.0029476554833978152,1.0220818069860023,26.640641975402833,28.11762802934571,25.163655921459956,26.31235590437158,26.579738820661582,27.87703431199084,27.676406493896817,25.549999237060547
2021-12-15,26.89663599635896,27.24324251005063,26.649060184986837,27.173921585083008,627500,0.0,0,0.008082370468277977,1.0303426507989502,26.636680793762206,28.10741904081381,25.165942546710603,26.891683342428863,26.530223664204755,27.87703431199084,27.676406493896817,25.489999771118164
2021-12-16,27.312562375118933,27.39178655612947,26.81741077158969,27.084793090820312,653600,0.0,0,-0.003279927557884088,1.0269632015445314,26.632719612121583,28.098114654631868,25.1673245696113,26.990714205796905,26.530223664204755,27.87703431199084,27.676406493896817,25.34000015258789
2021-12-17,27.09469715608411,27.4710115548726,26.946150159520748,27.243242263793945,1339500,0.0,0,0.005850115688250668,1.032971055081143,26.640642070770262,28.117520858119725,25.1637632834208,26.990714205796905,26.530223664204755,27.87703431199084,27.676406493896817,25.040000915527344
2021-12-20,26.93624862963502,26.93624862963502,26.044974210953526,26.510417938232425,810800,0.0,0,-0.026899306568052617,1.0051848499945906,26.6233118057251,28.09773324084417,25.148890370606026,26.876828581550647,26.530223664204755,27.69382888970613,27.676406493896817,24.420000076293945
2021-12-21,26.77780077995912,27.5403328467399,26.688673336373107,27.29275703430176,502600,0.0,0,0.029510628534493044,1.034848486711281,26.637671184539794,28.132379608418454,25.142962760661135,26.866925207434456,26.530223664204755,27.758198508927524,27.676406493896817,24.81999969482422
2021-12-22,27.381883926074632,27.41159370295576,27.06498719475664,27.371980667114254,476500,0.0,0,0.0029027346967154255,1.0378523773195014,26.661438465118408,28.186998160378035,25.13587876985878,26.792653528846714,26.530223664204755,27.7656260245168,27.676406493896817,25.26000022888184
2021-12-23,27.55023538343096,27.60965304797897,27.30265957748517,27.500720977783203,320800,0.0,0,0.004703361157331942,1.0427337718780305,26.688176727294923,28.25282155451388,25.123531900075967,26.827313629466246,26.287599065894966,27.8324717854838,27.676406493896817,25.479999542236328
2021-12-27,27.421496208530744,27.8275203704834,27.253144588536703,27.8275203704834,412900,0.0,0,0.011883302731015899,1.0551248929571113,26.790673065185548,28.371953119619228,25.209393010751867,26.936247290718462,26.34701777506278,27.62945945057222,27.676406493896817,25.61000061035156
2021-12-28,27.649266536618686,27.976066530267676,27.57994561203459,27.916648864746094,283500,0.0,0,0.003202890271072567,1.0585043422115301,26.915451335906983,28.43682059276268,25.394082079051287,27.0105203706106,26.42129085495492,27.604701510086613,27.676406493896817,25.170000076293945
2021-12-29,28.025580690505567,28.025580690505567,27.758200253580785,27.98596954345703,383700,0.0,0,0.0024831303730898924,1.061132746493723,27.04419078826904,28.466067615802427,25.622313960735656,27.035277450729545,26.446047935073864,27.579943919334994,27.676406493896817,
2021-12-30,28.08499908447266,28.312768364942237,27.98596838766093,28.084999084472656,406200,0.0,0,0.0035385424421994216,1.0648876097539988,27.203629589080812,28.30140508685567,26.105854091305954,27.17887128794788,26.589641772292197,27.579943919334994,27.676406493896817,
2021-12-31,27.959999084472656,28.299999237060547,27.950000762939453,27.96999931335449,533800,0.275,0,-0.004094704463841303,1.0605272097048497,27.303842067718506,28.2904662232794,26.317217912157613,27.17887128794788,26.589641772292197,27.579943919334994,27.676406493896817,
2022-01-03,27.96999931335449,28.59000015258789,27.90999984741211,28.479999542236328,699700,0.0,0,0.01823383058283934,1.0798646831750993,27.414204788208007,28.408645481291124,26.41976409512489,27.6393367444805,26.728257666115027,27.579943919334994,27.676406493896817,
2022-01-04,28.6299991607666,29.270000457763672,28.6299991607666,29.01000022888184,538100,0.0,0,0.018609574970656517,1.0999605059548105,27.494125175476075,28.70984323264728,26.27840711830487,28.167493826260156,27.068257818702918,27.030325840297504,27.263046941402187,
2022-01-05,29.06999969482422,29.25,28.399999618530277,28.46999931335449,460400,0.0,0,-0.018614302353218704,1.0794855085203683,27.565366077423096,28.833927010372573,26.29680514447362,28.261572523150186,27.068257818702918,27.030325840297504,27.263046941402187,
2022-01-06,28.670000076293945,29.280000686645508,28.59000015258789,29.190000534057617,716700,0.0,0,0.025289822201203682,1.1067855050996243,27.642402839660644,29.097563136028153,26.187242543293134,28.266572637591104,27.073257933143836,26.597068479506397,27.060034810542824,
2022-01-07,29.13999938964844,29.38999938964844,29.100000381469727,29.18000030517578,508400,0.0,0,-0.0003425909112323433,1.1064063304448934,27.743202018737794,29.3269161674383,26.15948787003729,28.484972500841515,27.153014123121913,26.532699535377702,26.99566586641413,
2022-01-10,28.799999237060547,29.0,28.5,28.6299991607666,988300,0.0,0,-0.01884856540976887,1.0855521583557206,27.837792587280273,29.395595736557524,26.27998943800302,28.574099821614613,27.717486800300982,26.5203206001166,26.99566586641413,
2022-01-11,28.93000030517578,28.93000030517578,28.09000015258789,28.40999984741211,554800,0.0,0,-0.007684223534870749,1.0772105329121537,27.914451122283936,29.425237768300537,26.403664476267334,28.649999618530273,27.717486800300982,26.5203206001166,26.99566586641413,
2022-01-12,28.31999969482422,28.540000915527344,28.100000381469727,28.11000061035156,427100,0.0,0,-0.010559635292918812,1.0658355825509107,27.972148513793947,29.418187806567733,26.52610922102016,28.649999618530273,27.717486800300982,26.609447753280246,26.99566586641413,
2022-01-13,27.6299991607666,28.299999237060547,27.600000381469727,28.1200008392334,544400,0.0,0,0.00035575342101412666,1.0662147572056417,28.019452476501463,29.418585283096917,26.62031966990601,28.494999885559082,27.717486800300982,26.42624217088958,26.99566586641413,
2022-01-14,28.049999237060547,28.049999237060547,27.51000022888184,27.93000030517578,782500,0.0,0,-0.006756775547194338,1.059010583406097,28.06171283721924,29.394131006857474,26.729294667581005,28.44999980926514,27.717486800300982,26.45842688376388,26.99566586641413,
2022-01-18,27.75,27.8799991607666,27.43000030517578,27.549999237060547,604100,0.0,0,-0.013605480270790227,1.0446022358070073,28.07705068588257,29.377775416454107,26.77632595531103,28.40999984741211,27.717486800300982,26.45842688376388,26.99566586641413,
2022-01-19,27.61000061035156,27.899999618530277,26.76000022888184,26.770000457763672,535600,0.0,0,-0.028312116185020164,1.0150273359397075,28.090029811859132,29.331149785368886,26.84890983834938,28.07499980926514,27.717486800300982,26.45842688376388,26.99566586641413,
2022-01-20,26.75,26.86000061035156,25.71999931335449,25.739999771118164,1098500,0.0,0,-0.038475930856653906,0.9759732143444777,28.01239194869995,29.594827951984453,26.429955945415447,27.554999351501465,27.554999351501465,26.45842688376388,26.99566586641413,
2022-01-21,25.790000915527344,26.0,25.46999931335449,25.549999237060547,1778900,0.0,0,-0.007381528195303577,0.9687690405449328,27.921292877197267,29.82223265182295,26.020353102571583,27.234999656677246,27.429999351501465,26.44604736251658,26.99566586641413,
2022-01-24,25.280000686645508,25.65999984741211,24.479999542236328,25.489999771118164,1482300,0.0,0,-0.0023483157625834306,0.9664940649367183,27.820756816864012,29.99609946271362,25.645414171014405,26.704999923706055,26.934999465942383,26.71095350331681,26.99566586641413,
2022-01-25,25.11000061035156,25.57999992370605,24.71999931335449,25.34000015258789,871100,0.0,0,-0.005884645738609695,0.9608065897560969,27.696380805969238,30.128223007997434,25.26453860394104,26.510000228881836,26.934999465942383,26.76046893500083,26.99566586641413,
2022-01-26,25.3799991607666,25.88999938964844,24.770000457763672,25.040000915527344,1710500,0.0,0,-0.01183895956014458,0.9494316393948541,27.5525484085083,30.244594145290773,24.86050267172583,26.389999389648438,26.934999465942383,26.76046893500083,26.99566586641413,
2022-01-27,25.229999542236328,25.32999992370605,24.290000915527344,24.420000076293945,1113600,0.0,0,-0.024760415996987195,0.925923317042736,27.374249935150146,30.38500258428037,24.36349728601992,26.170000076293945,26.84000015258789,26.7035261228777,26.99566586641413,
2022-01-28,24.40999984741211,24.82999992370605,23.88999938964844,24.81999969482422,1082400,0.0,0,0.016380000707640452,0.9410899416311168,27.210999965667725,30.400646777694362,24.021353153641087,25.89499950408936,26.63999938964844,26.698574435819605,26.99566586641413,
2022-01-31,24.559999465942383,25.26000022888184,24.36000061035156,25.26000022888184,1004500,0.0,0,0.01772766073600618,0.9577732648384211,27.075500011444092,30.354636870913854,23.79636315197433,25.89499950408936,26.63999938964844,26.661438596525734,26.99566586641413,
2022-02-01,25.239999771118164,25.57999992370605,24.8799991607666,25.479999542236328,788800,0.0,0,0.008709394749052413,0.9661148902819876,26.925500011444093,30.208426818061888,23.6425732048263,25.375,26.63999938964844,26.557456347680606,26.99566586641413,
2022-02-02,25.40999984741211,25.81999969482422,25.270000457763672,25.61000061035156,1510400,0.0,0,0.005102082827738608,0.9710440884733179,26.755500030517577,29.938595666572226,23.57240439446293,24.94499969482422,26.63999938964844,26.641632532890622,26.99566586641413,
2022-02-03,25.520000457763672,25.559999465942383,25.1200008392334,25.170000076293945,610000,0.0,0,-0.01718080919841003,0.9543607652660139,26.59050006866455,29.742631747334162,23.438368389994938,24.88999938964844,26.63999938964844,26.71590561278276,26.99566586641413,
